00001 1
00002 2
00003 -1
00004 5
00005 -1
00006 -1
00007 -1
00008 -1
00009 -1
00010 -1
00011 9
00012 -1
00013 8
00014 -1
00015 -1
00016 -1
00017 6
00018 10
00019 3
00020 9
00021 -1
00022 1
00023 -1
00024 6
00025 3
00026 10
00027 -1
00028 9
00029 6
00030 -1
00031 -1
00032 4
00033 1
00034 3
00035 -1
00036 8
00037 3
00038 5
00039 -1
00040 -1
00041 -1
00042 5
00043 1
00044 -1
00045 3
00046 -1
00047 8
00048 -1
00049 -1
00050 -1
00051 6
00052 -1
00053 -1
00054 3
00055 1
00056 -1
00057 6
00058 1
00059 -1
00060 8
00061 3
00062 -1
00063 -1
00064 2
00065 -1
00066 -1
00067 -1
00068 -1
00069 2
00070 5
00071 -1
00072 -1
00073 9
00074 3
00075 3
00076 4
00077 -1
00078 -1
00079 1
00080 -1
00081 8
00082 9
00083 2
00084 4
00085 9
00086 -1
00087 -1
00088 -1
00089 -1
00090 10
00091 -1
00092 5
00093 -1
00094 -1
00095 -1
00096 9
00097 -1
00098 -1
00099 3
00100 6
00101 -1
00102 3
00103 1
00104 6
00105 -1
00106 -1
00107 3
00108 -1
00109 -1
00110 6
00111 -1
00112 -1
00113 -1
00114 1
00115 1
00116 -1
00117 9
00118 -1
00119 8
00120 -1
00121 9
00122 -1
00123 -1
00124 -1
00125 1
00126 -1
00127 2
00128 -1
00129 10
00130 -1
00131 -1
00132 -1
00133 -1
00134 3
00135 9
00136 1
00137 -1
00138 -1
00139 1
00140 6
00141 1
00142 9
00143 -1
00144 -1
00145 -1
00146 3
00147 -1
00148 3
00149 -1
00150 8
00151 1
00152 -1
00153 9
00154 2
00155 -1
00156 -1
00157 7
00158 1
00159 6
00160 -1
00161 -1
00162 -1
00163 -1
00164 -1
00165 3
00166 1
00167 -1
00168 -1
00169 1
00170 2
00171 -1
00172 -1
00173 6
00174 1
00175 8
00176 -1
00177 -1
00178 3
00179 1
00180 -1
00181 1
00182 -1
00183 2
00184 -1
00185 -1
00186 6
00187 9
00188 -1
00189 -1
00190 -1
00191 9
00192 -1
00193 2
00194 1
00195 -1
00196 6
00197 -1
00198 -1
00199 -1
00200 1
00201 4
00202 -1
00203 -1
00204 -1
00205 -1
00206 9
00207 1
00208 6
00209 -1
00210 7
00211 -1
00212 1
00213 -1
00214 -1
00215 1
00216 -1
00217 3
00218 2
00219 9
00220 -1
00221 -1
00222 9
00223 -1
00224 -1
00225 -1
00226 4
00227 10
00228 -1
00229 2
00230 1
00231 -1
00232 -1
00233 -1
00234 -1
00235 1
00236 1
00237 -1
00238 -1
00239 -1
00240 -1
00241 -1
00242 9
00243 -1
00244 -1
00245 -1
00246 1
00247 -1
00248 -1
00249 -1
00250 1
00251 9
00252 6
00253 -1
00254 -1
00255 7
00256 -1
00257 -1
00258 -1
00259 5
00260 -1
00261 -1
00262 2
00263 1
00264 -1
00265 -1
00266 3
00267 4
00268 -1
00269 -1
00270 -1
00271 1
00272 -1
00273 5
00274 -1
00275 1
00276 4
00277 6
00278 -1
00279 -1
00280 -1
00281 1
00282 -1
00283 -1
00284 -1
00285 4
00286 9
00287 3
00288 4
00289 -1
00290 -1
00291 2
00292 1
00293 -1
00294 2
00295 9
00296 3
00297 -1
00298 -1
00299 3
00300 -1
00301 -1
00302 3
00303 6
00304 -1
00305 -1
00306 1
00307 -1
00308 -1
00309 1
00310 -1
00311 -1
00312 9
00313 -1
00314 2
00315 -1
00316 -1
00317 -1
00318 2
00319 1
00320 -1
00321 -1
00322 -1
00323 -1
00324 -1
00325 -1
00326 10
00327 -1
00328 6
00329 -1
00330 -1
00331 -1
00332 -1
00333 5
00334 10
00335 -1
00336 9
00337 -1
00338 -1
00339 3
00340 6
00341 -1
00342 -1
00343 4
00344 -1
00345 -1
00346 -1
00347 -1
00348 3
00349 1
00350 6
00351 1
00352 10
00353 7
00354 1
00355 4
00356 6
00357 -1
00358 7
00359 1
00360 9
00361 5
00362 -1
00363 -1
00364 -1
00365 -1
00366 -1
00367 1
00368 -1
00369 -1
00370 -1
00371 1
00372 8
00373 1
00374 -1
00375 -1
00376 3
00377 -1
00378 -1
00379 -1
00380 -1
00381 -1
00382 -1
00383 -1
00384 1
00385 -1
00386 -1
00387 -1
00388 3
00389 5
00390 -1
00391 -1
00392 -1
00393 -1
00394 -1
00395 7
00396 -1
00397 -1
00398 -1
00399 6
00400 2
00401 1
00402 -1
00403 -1
00404 6
00405 -1
00406 -1
00407 1
00408 5
00409 2
00410 4
00411 4
00412 2
00413 2
00414 3
00415 2
00416 3
00417 6
00418 3
00419 -1
00420 5
00421 -1
00422 -1
00423 -1
00424 6
00425 -1
00426 -1
00427 3
00428 -1
00429 4
00430 -1
00431 7
00432 -1
00433 7
00434 10
00435 2
00436 -1
00437 -1
00438 -1
00439 -1
00440 -1
00441 4
00442 -1
00443 3
00444 -1
00445 -1
00446 -1
00447 -1
00448 4
00449 8
00450 6
00451 1
00452 9
00453 1
00454 -1
00455 4
00456 3
00457 6
00458 -1
00459 -1
00460 2
00461 -1
00462 -1
00463 1
00464 9
00465 8
00466 8
00467 2
00468 -1
00469 3
00470 -1
00471 10
00472 3
00473 8
00474 -1
00475 3
00476 -1
00477 10
00478 -1
00479 1
00480 1
00481 1
00482 10
00483 -1
00484 -1
00485 -1
00486 -1
00487 -1
00488 2
00489 1
00490 10
00491 5
00492 1
00493 -1
00494 -1
00495 -1
00496 -1
00497 -1
00498 6
00499 -1
00500 4
00501 -1
00502 -1
00503 -1
00504 -1
00505 3
00506 9
00507 9
00508 -1
00509 1
00510 -1
00511 3
00512 -1
00513 9
00514 3
00515 5
00516 1
00517 -1
00518 -1
00519 4
00520 2
00521 2
00522 -1
00523 -1
00524 -1
00525 2
00526 -1
00527 -1
00528 -1
00529 -1
00530 -1
00531 5
00532 2
00533 -1
00534 1
00535 -1
00536 3
00537 3
00538 3
00539 -1
00540 -1
00541 -1
00542 -1
00543 1
00544 10
00545 -1
00546 9
00547 -1
00548 -1
00549 -1
00550 3
00551 -1
00552 2
00553 -1
00554 7
00555 1
00556 4
00557 5
00558 6
00559 -1
00560 -1
00561 -1
00562 -1
00563 -1
00564 -1
00565 -1
00566 1
00567 5
00568 1
00569 2
00570 4
00571 -1
00572 1
00573 -1
00574 -1
00575 3
00576 -1
00577 -1
00578 6
00579 5
00580 -1
00581 -1
00582 1
00583 2
00584 -1
00585 4
00586 -1
00587 -1
00588 7
00589 1
00590 1
00591 -1
00592 9
00593 2
00594 -1
00595 3
00596 -1
00597 -1
00598 -1
00599 2
00600 1
00601 -1
00602 -1
00603 1
00604 -1
00605 2
00606 -1
00607 -1
00608 4
00609 -1
00610 1
00611 10
00612 6
00613 1
00614 -1
00615 3
00616 3
00617 5
00618 3
00619 -1
00620 8
00621 9
00622 -1
00623 -1
00624 9
00625 5
00626 2
00627 -1
00628 -1
00629 -1
00630 1
00631 -1
00632 -1
00633 -1
00634 -1
00635 -1
00636 9
00637 1
00638 -1
00639 2
00640 9
00641 -1
00642 -1
00643 -1
00644 1
00645 -1
00646 -1
00647 -1
00648 -1
00649 -1
00650 5
00651 3
00652 -1
00653 1
00654 -1
00655 3
00656 -1
00657 -1
00658 -1
00659 9
00660 3
00661 -1
00662 5
00663 10
00664 1
00665 -1
00666 10
00667 -1
00668 2
00669 -1
00670 6
00671 -1
00672 3
00673 -1
00674 -1
00675 -1
00676 -1
00677 -1
00678 3
00679 2
00680 1
00681 -1
00682 1
00683 -1
00684 -1
00685 1
00686 9
00687 1
00688 -1
00689 9
00690 -1
00691 -1
00692 6
00693 6
00694 1
00695 8
00696 1
00697 -1
00698 -1
00699 5
00700 3
00701 -1
00702 3
00703 -1
00704 10
00705 -1
00706 9
00707 9
00708 -1
00709 -1
00710 9
00711 7
00712 -1
00713 6
00714 -1
00715 -1
00716 -1
00717 4
00718 4
00719 -1
00720 10
00721 -1
00722 -1
00723 -1
00724 -1
00725 -1
00726 -1
00727 -1
00728 -1
00729 -1
00730 -1
00731 -1
00732 1
00733 9
00734 8
00735 -1
00736 9
00737 8
00738 -1
00739 -1
00740 -1
00741 -1
00742 -1
00743 1
00744 -1
00745 5
00746 3
00747 -1
00748 -1
00749 -1
00750 -1
00751 4
00752 -1
00753 3
00754 -1
00755 5
00756 -1
00757 -1
00758 8
00759 2
00760 1
00761 -1
00762 -1
00763 4
00764 3
00765 8
00766 2
00767 1
00768 -1
00769 -1
00770 -1
00771 -1
00772 -1
00773 2
00774 3
00775 -1
00776 1
00777 -1
00778 -1
00779 7
00780 -1
00781 -1
00782 -1
00783 -1
00784 -1
00785 3
00786 3
00787 1
00788 8
00789 5
00790 7
00791 -1
00792 3
00793 3
00794 3
00795 -1
00796 7
00797 -1
00798 -1
00799 -1
00800 2
00801 5
00802 -1
00803 -1
00804 5
00805 1
00806 -1
00807 -1
00808 -1
00809 -1
00810 -1
00811 -1
00812 -1
00813 -1
00814 1
00815 1
00816 1
00817 -1
00818 -1
00819 -1
00820 -1
00821 -1
00822 -1
00823 10
00824 6
00825 -1
00826 -1
00827 -1
00828 -1
00829 2
00830 3
00831 1
00832 5
00833 -1
00834 9
00835 2
00836 -1
00837 2
00838 -1
00839 3
00840 1
00841 1
00842 -1
00843 3
00844 -1
00845 -1
00846 -1
00847 -1
00848 -1
00849 -1
00850 -1
00851 8
00852 -1
00853 -1
00854 -1
00855 6
00856 -1
00857 -1
00858 -1
00859 -1
00860 -1
00861 1
00862 -1
00863 -1
00864 4
00865 10
00866 -1
00867 1
00868 -1
00869 -1
00870 -1
00871 -1
00872 1
00873 1
00874 -1
00875 10
00876 -1
00877 3
00878 10
00879 8
00880 9
00881 4
00882 10
00883 1
00884 -1
00885 -1
00886 -1
00887 -1
00888 -1
00889 -1
00890 -1
00891 -1
00892 -1
00893 -1
00894 7
00895 -1
00896 4
00897 -1
00898 7
00899 -1
00900 -1
00901 -1
00902 -1
00903 8
00904 4
00905 -1
00906 1
00907 3
00908 -1
00909 2
00910 7
00911 -1
00912 -1
00913 1
00914 7
00915 6
00916 2
00917 7
00918 -1
00919 -1
00920 -1
00921 6
00922 -1
00923 2
00924 -1
00925 -1
00926 -1
00927 3
00928 9
00929 -1
00930 -1
00931 3
00932 5
00933 -1
00934 -1
00935 -1
00936 -1
00937 -1
00938 1
00939 2
00940 -1
00941 9
00942 -1
00943 -1
00944 -1
00945 -1
00946 -1
00947 10
00948 5
00949 -1
00950 -1
00951 7
00952 -1
00953 -1
00954 2
00955 5
00956 1
00957 1
00958 -1
00959 6
00960 -1
00961 3
00962 1
00963 2
00964 -1
00965 -1
00966 -1
00967 -1
00968 3
00969 -1
00970 -1
00971 -1
00972 -1
00973 1
00974 -1
00975 -1
00976 -1
00977 -1
00978 -1
00979 2
00980 -1
00981 6
00982 -1
00983 -1
00984 -1
00985 -1
00986 -1
00987 -1
00988 -1
00989 4
00990 -1
00991 10
00992 3
00993 -1
00994 2
00995 6
00996 6
00997 -1
00998 -1
00999 -1
01000 -1
01001 -1
01002 -1
01003 2
01004 -1
01005 -1
01006 -1
01007 -1
01008 -1
01009 -1
01010 -1
01011 2
01012 -1
01013 -1
01014 -1
01015 -1
01016 5
01017 10
01018 -1
01019 -1
01020 9
01021 -1
01022 3
01023 -1
01024 10
01025 1
01026 10
01027 -1
01028 5
01029 1
01030 5
01031 9
01032 -1
01033 -1
01034 5
01035 -1
01036 3
01037 -1
01038 -1
01039 -1
01040 3
01041 2
01042 10
01043 -1
01044 5
01045 1
01046 -1
01047 -1
01048 -1
01049 -1
01050 -1
01051 2
01052 -1
01053 -1
01054 -1
01055 1
01056 -1
01057 -1
01058 1
01059 -1
01060 6
01061 8
01062 9
01063 -1
01064 -1
01065 -1
01066 4
01067 -1
01068 -1
01069 -1
01070 3
01071 -1
01072 5
01073 -1
01074 -1
01075 -1
01076 -1
01077 -1
01078 -1
01079 1
01080 -1
01081 -1
01082 -1
01083 -1
01084 1
01085 2
01086 -1
01087 3
01088 4
01089 9
01090 -1
01091 4
01092 1
01093 9
01094 -1
01095 10
01096 3
01097 -1
01098 2
01099 -1
01100 3
01101 9
01102 -1
01103 -1
01104 -1
01105 3
01106 -1
01107 -1
01108 3
01109 -1
01110 -1
01111 1
01112 -1
01113 -1
01114 -1
01115 9
01116 -1
01117 7
01118 -1
01119 3
01120 -1
01121 2
01122 3
01123 9
01124 -1
01125 6
01126 -1
01127 -1
01128 10
01129 9
01130 8
01131 -1
01132 -1
01133 -1
01134 -1
01135 -1
01136 -1
01137 -1
01138 -1
01139 6
01140 2
01141 -1
01142 9
01143 -1
01144 -1
01145 -1
01146 5
01147 2
01148 5
01149 2
01150 -1
01151 1
01152 -1
01153 -1
01154 -1
01155 1
01156 6
01157 2
01158 -1
01159 4
01160 -1
01161 3
01162 8
01163 -1
01164 -1
01165 -1
01166 5
01167 -1
01168 -1
01169 1
01170 -1
01171 -1
01172 -1
01173 -1
01174 -1
01175 5
01176 -1
01177 -1
01178 -1
01179 -1
01180 -1
01181 -1
01182 3
01183 1
01184 -1
01185 5
01186 -1
01187 3
01188 9
01189 3
01190 4
01191 -1
01192 -1
01193 -1
01194 8
01195 -1
01196 -1
01197 3
01198 -1
01199 1
01200 8
01201 1
01202 8
01203 9
01204 2
01205 -1
01206 1
01207 -1
01208 -1
01209 10
01210 3
01211 3
01212 -1
01213 4
01214 2
01215 6
01216 -1
01217 10
01218 6
01219 5
01220 -1
01221 9
01222 3
01223 1
01224 4
01225 7
01226 -1
01227 -1
01228 5
01229 -1
01230 -1
01231 5
01232 -1
01233 -1
01234 -1
01235 2
01236 -1
01237 -1
01238 -1
01239 -1
01240 -1
01241 -1
01242 10
01243 -1
01244 -1
01245 3
01246 2
01247 -1
01248 -1
01249 -1
01250 -1
01251 -1
01252 1
01253 -1
01254 1
01255 -1
01256 -1
01257 -1
01258 -1
01259 -1
01260 -1
01261 -1
01262 2
01263 1
01264 10
01265 5
01266 -1
01267 -1
01268 6
01269 -1
01270 -1
01271 9
01272 -1
01273 -1
01274 6
01275 -1
01276 2
01277 -1
01278 10
01279 -1
01280 5
01281 -1
01282 -1
01283 -1
01284 4
01285 1
01286 1
01287 3
01288 4
01289 5
01290 -1
01291 -1
01292 6
01293 -1
01294 5
01295 2
01296 -1
01297 -1
01298 4
01299 3
01300 2
01301 2
01302 1
01303 9
01304 3
01305 1
01306 -1
01307 -1
01308 2
01309 -1
01310 -1
01311 2
01312 8
01313 -1
01314 1
01315 -1
01316 5
01317 -1
01318 4
01319 -1
01320 -1
01321 -1
01322 -1
01323 -1
01324 9
01325 -1
01326 7
01327 -1
01328 8
01329 -1
01330 -1
01331 -1
01332 -1
01333 -1
01334 1
01335 5
01336 4
01337 -1
01338 1
01339 -1
01340 5
01341 1
01342 1
01343 -1
01344 -1
01345 -1
01346 1
01347 -1
01348 9
01349 9
01350 5
01351 -1
01352 -1
01353 -1
01354 -1
01355 -1
01356 9
01357 3
01358 8
01359 -1
01360 5
01361 -1
01362 -1
01363 -1
01364 -1
01365 -1
01366 -1
01367 5
01368 -1
01369 4
01370 -1
01371 -1
01372 -1
01373 -1
01374 -1
01375 4
01376 -1
01377 -1
01378 -1
01379 -1
01380 2
01381 1
01382 9
01383 -1
01384 5
01385 -1
01386 -1
01387 -1
01388 -1
01389 1
01390 -1
01391 -1
01392 3
01393 -1
01394 -1
01395 1
01396 -1
01397 -1
01398 1
01399 3
01400 -1
01401 5
01402 -1
01403 1
01404 2
01405 1
01406 -1
01407 -1
01408 9
01409 -1
01410 3
01411 -1
01412 4
01413 1
01414 -1
01415 -1
01416 6
01417 -1
01418 10
01419 -1
01420 3
01421 3
01422 -1
01423 7
01424 -1
01425 -1
01426 6
01427 6
01428 2
01429 -1
01430 9
01431 1
01432 3
01433 3
01434 6
01435 9
01436 -1
01437 1
01438 -1
01439 -1
01440 -1
01441 5
01442 -1
01443 3
01444 -1
01445 8
01446 -1
01447 -1
01448 3
01449 3
01450 1
01451 -1
01452 4
01453 1
01454 -1
01455 3
01456 -1
01457 9
01458 -1
01459 1
01460 -1
01461 8
01462 -1
01463 -1
01464 2
01465 -1
01466 -1
01467 -1
01468 -1
01469 5
01470 -1
01471 -1
01472 -1
01473 3
01474 -1
01475 1
01476 10
01477 -1
01478 -1
01479 -1
01480 -1
01481 2
01482 -1
01483 1
01484 9
01485 7
01486 -1
01487 8
01488 -1
01489 -1
01490 -1
01491 -1
01492 9
01493 -1
01494 -1
01495 -1
01496 -1
01497 1
01498 3
01499 1
01500 5
01501 -1
01502 -1
01503 -1
01504 10
01505 -1
01506 -1
01507 -1
01508 -1
01509 9
01510 -1
01511 2
01512 -1
01513 8
01514 3
01515 -1
01516 -1
01517 7
01518 -1
01519 9
01520 -1
01521 -1
01522 -1
01523 9
01524 3
01525 -1
01526 1
01527 5
01528 2
01529 -1
01530 -1
01531 -1
01532 1
01533 -1
01534 1
01535 4
01536 2
01537 1
01538 -1
01539 -1
01540 4
01541 -1
01542 -1
01543 -1
01544 -1
01545 -1
01546 -1
01547 9
01548 -1
01549 -1
01550 -1
01551 -1
01552 -1
01553 -1
01554 4
01555 3
01556 -1
01557 1
01558 2
01559 1
01560 10
01561 -1
01562 -1
01563 -1
01564 5
01565 1
01566 -1
01567 -1
01568 -1
01569 9
01570 -1
01571 -1
01572 -1
01573 -1
01574 -1
01575 4
01576 7
01577 1
01578 2
01579 -1
01580 9
01581 -1
01582 5
01583 4
01584 1
01585 1
01586 6
01587 -1
01588 3
01589 -1
01590 -1
01591 9
01592 -1
01593 6
01594 -1
01595 10
01596 -1
01597 -1
01598 -1
01599 5
01600 6
01601 -1
01602 -1
01603 -1
01604 -1
01605 -1
01606 9
01607 -1
01608 -1
01609 -1
01610 -1
01611 -1
01612 -1
01613 -1
01614 -1
01615 3
01616 3
01617 -1
01618 4
01619 1
01620 -1
01621 4
01622 4
01623 -1
01624 -1
01625 -1
01626 3
01627 -1
01628 -1
01629 -1
01630 -1
01631 2
01632 3
01633 -1
01634 -1
01635 9
01636 -1
01637 -1
01638 -1
01639 -1
01640 2
01641 -1
01642 -1
01643 1
01644 -1
01645 1
01646 -1
01647 -1
01648 -1
01649 -1
01650 -1
01651 1
01652 9
01653 2
01654 -1
01655 -1
01656 8
01657 4
01658 5
01659 5
01660 -1
01661 -1
01662 3
01663 -1
01664 -1
01665 2
01666 -1
01667 -1
01668 -1
01669 -1
01670 7
01671 3
01672 -1
01673 -1
01674 -1
01675 -1
01676 5
01677 -1
01678 6
01679 8
01680 1
01681 -1
01682 -1
01683 5
01684 4
01685 -1
01686 6
01687 -1
01688 3
01689 1
01690 -1
01691 -1
01692 -1
01693 -1
01694 9
01695 9
01696 -1
01697 -1
01698 -1
01699 3
01700 1
01701 -1
01702 3
01703 -1
01704 -1
01705 -1
01706 -1
01707 3
01708 9
01709 1
01710 -1
01711 -1
01712 -1
01713 -1
01714 -1
01715 -1
01716 -1
01717 9
01718 -1
01719 -1
01720 3
01721 6
01722 9
01723 7
01724 3
01725 9
01726 -1
01727 -1
01728 -1
01729 -1
01730 -1
01731 -1
01732 -1
01733 -1
01734 -1
01735 5
01736 -1
01737 -1
01738 3
01739 -1
01740 -1
01741 -1
01742 -1
01743 10
01744 3
01745 1
01746 -1
01747 -1
01748 2
01749 -1
01750 1
01751 1
01752 -1
01753 1
01754 3
01755 1
01756 5
01757 4
01758 9
01759 -1
01760 -1
01761 -1
01762 -1
01763 2
01764 2
01765 1
01766 -1
01767 -1
01768 -1
01769 10
01770 -1
01771 -1
01772 5
01773 2
01774 1
01775 -1
01776 -1
01777 -1
01778 -1
01779 -1
01780 1
01781 -1
01782 1
01783 -1
01784 -1
01785 -1
01786 -1
01787 1
01788 -1
01789 -1
01790 3
01791 10
01792 7
01793 -1
01794 3
01795 -1
01796 2
01797 -1
01798 3
01799 -1
01800 1
01801 1
01802 -1
01803 -1
01804 3
01805 -1
01806 2
01807 9
01808 1
01809 3
01810 6
01811 -1
01812 4
01813 2
01814 -1
01815 -1
01816 4
01817 -1
01818 -1
01819 -1
01820 9
01821 -1
01822 -1
01823 3
01824 8
01825 9
01826 -1
01827 9
01828 -1
01829 -1
01830 -1
01831 6
01832 -1
01833 7
01834 -1
01835 7
01836 5
01837 5
01838 -1
01839 -1
01840 -1
01841 -1
01842 3
01843 9
01844 3
01845 9
01846 3
01847 8
01848 2
01849 -1
01850 -1
01851 2
01852 3
01853 3
01854 -1
01855 -1
01856 5
01857 2
01858 3
01859 -1
01860 -1
01861 6
01862 -1
01863 2
01864 -1
01865 5
01866 10
01867 -1
01868 -1
01869 3
01870 -1
01871 -1
01872 -1
01873 -1
01874 -1
01875 3
01876 1
01877 -1
01878 3
01879 -1
01880 2
01881 -1
01882 -1
01883 1
01884 -1
01885 9
01886 10
01887 -1
01888 -1
01889 -1
01890 3
01891 -1
01892 2
01893 9
01894 10
01895 1
01896 -1
01897 7
01898 -1
01899 -1
01900 -1
01901 1
01902 2
01903 -1
01904 9
01905 2
01906 10
01907 -1
01908 9
01909 -1
01910 -1
01911 -1
01912 -1
01913 -1
01914 4
01915 3
01916 -1
01917 -1
01918 -1
01919 3
01920 -1
01921 -1
01922 7
01923 -1
01924 -1
01925 3
01926 -1
01927 2
01928 1
01929 7
01930 3
01931 -1
01932 10
01933 10
01934 -1
01935 1
01936 1
01937 -1
01938 9
01939 -1
01940 -1
01941 7
01942 6
01943 -1
01944 9
01945 3
01946 -1
01947 -1
01948 9
01949 -1
01950 1
01951 4
01952 -1
01953 -1
01954 -1
01955 -1
01956 -1
01957 -1
01958 -1
01959 3
01960 -1
01961 -1
01962 -1
01963 1
01964 -1
01965 -1
01966 1
01967 2
01968 10
01969 -1
01970 1
01971 -1
01972 1
01973 6
01974 -1
01975 2
01976 6
01977 6
01978 -1
01979 -1
01980 4
01981 3
01982 1
01983 4
01984 6
01985 -1
01986 -1
01987 -1
01988 -1
01989 1
01990 -1
01991 -1
01992 -1
01993 9
01994 -1
01995 -1
01996 -1
01997 -1
01998 -1
01999 -1
02000 -1
02001 5
02002 -1
02003 -1
02004 10
02005 -1
02006 -1
02007 4
02008 -1
02009 8
02010 -1
02011 -1
02012 1
02013 -1
02014 -1
02015 -1
02016 4
02017 8
02018 8
02019 -1
02020 -1
02021 -1
02022 -1
02023 -1
02024 1
02025 6
02026 3
02027 -1
02028 -1
02029 6
02030 -1
02031 1
02032 -1
02033 -1
02034 -1
02035 1
02036 7
02037 7
02038 -1
02039 -1
02040 3
02041 -1
02042 -1
02043 6
02044 -1
02045 -1
02046 -1
02047 2
02048 1
02049 -1
02050 -1
02051 9
02052 -1
02053 -1
02054 1
02055 1
02056 3
02057 1
02058 -1
02059 2
02060 -1
02061 -1
02062 9
02063 -1
02064 3
02065 4
02066 9
02067 9
02068 10
02069 -1
02070 -1
02071 9
02072 1
02073 3
02074 2
02075 5
02076 -1
02077 1
02078 -1
02079 5
02080 -1
02081 3
02082 3
02083 -1
02084 -1
02085 1
02086 3
02087 5
02088 -1
02089 -1
02090 -1
02091 10
02092 -1
02093 -1
02094 8
02095 6
02096 -1
02097 9
02098 9
02099 -1
02100 4
02101 7
02102 -1
02103 -1
02104 -1
02105 1
02106 10
02107 -1
02108 2
02109 -1
02110 3
02111 -1
02112 -1
02113 1
02114 2
02115 5
02116 9
02117 -1
02118 -1
02119 5
02120 1
02121 5
02122 -1
02123 -1
02124 1
02125 -1
02126 -1
02127 -1
02128 -1
02129 -1
02130 2
02131 -1
02132 -1
02133 1
02134 -1
02135 -1
02136 9
02137 9
02138 -1
02139 -1
02140 6
02141 6
02142 -1
02143 7
02144 -1
02145 -1
02146 -1
02147 9
02148 -1
02149 -1
02150 9
02151 9
02152 1
02153 5
02154 -1
02155 -1
02156 -1
02157 -1
02158 -1
02159 10
02160 -1
02161 2
02162 10
02163 -1
02164 2
02165 -1
02166 6
02167 2
02168 -1
02169 -1
02170 -1
02171 -1
02172 -1
02173 8
02174 9
02175 3
02176 1
02177 -1
02178 8
02179 -1
02180 -1
02181 -1
02182 5
02183 9
02184 -1
02185 -1
02186 -1
02187 3
02188 -1
02189 -1
02190 2
02191 -1
02192 5
02193 -1
02194 5
02195 -1
02196 -1
02197 3
02198 -1
02199 2
02200 -1
02201 -1
02202 -1
02203 4
02204 3
02205 3
02206 9
02207 -1
02208 7
02209 -1
02210 -1
02211 -1
02212 -1
02213 3
02214 3
02215 -1
02216 -1
02217 2
02218 10
02219 -1
02220 -1
02221 -1
02222 6
02223 -1
02224 1
02225 9
02226 6
02227 -1
02228 -1
02229 10
02230 5
02231 6
02232 1
02233 -1
02234 -1
02235 -1
02236 9
02237 -1
02238 6
02239 -1
02240 9
02241 1
02242 -1
02243 -1
02244 -1
02245 -1
02246 -1
02247 2
02248 -1
02249 -1
02250 3
02251 2
02252 1
02253 1
02254 -1
02255 -1
02256 9
02257 3
02258 -1
02259 1
02260 -1
02261 1
02262 -1
02263 9
02264 6
02265 -1
02266 -1
02267 -1
02268 -1
02269 -1
02270 5
02271 -1
02272 -1
02273 -1
02274 3
02275 -1
02276 2
02277 10
02278 7
02279 -1
02280 -1
02281 -1
02282 -1
02283 -1
02284 -1
02285 7
02286 -1
02287 -1
02288 -1
02289 9
02290 -1
02291 8
02292 10
02293 -1
02294 5
02295 3
02296 1
02297 -1
02298 6
02299 1
02300 -1
02301 6
02302 3
02303 -1
02304 -1
02305 8
02306 -1
02307 -1
02308 -1
02309 -1
02310 -1
02311 3
02312 -1
02313 7
02314 3
02315 5
02316 -1
02317 8
02318 -1
02319 1
02320 -1
02321 -1
02322 9
02323 -1
02324 1
02325 3
02326 -1
02327 -1
02328 3
02329 -1
02330 -1
02331 -1
02332 -1
02333 -1
02334 -1
02335 -1
02336 -1
02337 -1
02338 7
02339 -1
02340 4
02341 -1
02342 -1
02343 -1
02344 -1
02345 4
02346 2
02347 -1
02348 -1
02349 3
02350 5
02351 -1
02352 5
02353 -1
02354 -1
02355 9
02356 -1
02357 1
02358 -1
02359 4
02360 1
02361 8
02362 5
02363 -1
02364 5
02365 7
02366 -1
02367 2
02368 9
02369 -1
02370 1
02371 -1
02372 -1
02373 -1
02374 -1
02375 -1
02376 3
02377 -1
02378 3
02379 5
02380 -1
02381 -1
02382 -1
02383 -1
02384 -1
02385 -1
02386 -1
02387 8
02388 3
02389 2
02390 9
02391 -1
02392 1
02393 1
02394 3
02395 -1
02396 1
02397 -1
02398 5
02399 9
02400 -1
02401 -1
02402 2
02403 1
02404 -1
02405 -1
02406 10
02407 -1
02408 -1
02409 1
02410 -1
02411 9
02412 -1
02413 -1
02414 -1
02415 7
02416 -1
02417 -1
02418 -1
02419 -1
02420 -1
02421 3
02422 9
02423 9
02424 -1
02425 -1
02426 -1
02427 -1
02428 8
02429 2
02430 -1
02431 3
02432 5
02433 7
02434 1
02435 -1
02436 -1
02437 -1
02438 9
02439 5
02440 -1
02441 -1
02442 -1
02443 -1
02444 -1
02445 -1
02446 -1
02447 -1
02448 3
02449 -1
02450 1
02451 5
02452 2
02453 -1
02454 -1
02455 -1
02456 9
02457 -1
02458 -1
02459 -1
02460 10
02461 6
02462 2
02463 -1
02464 1
02465 1
02466 -1
02467 3
02468 -1
02469 -1
02470 4
02471 -1
02472 1
02473 -1
02474 9
02475 -1
02476 -1
02477 -1
02478 10
02479 -1
02480 -1
02481 -1
02482 -1
02483 10
02484 9
02485 8
02486 -1
02487 9
02488 -1
02489 1
02490 -1
02491 9
02492 7
02493 2
02494 1
02495 7
02496 -1
02497 10
02498 -1
02499 8
02500 -1
02501 -1
02502 10
02503 3
02504 4
02505 2
02506 -1
02507 -1
02508 1
02509 -1
02510 -1
02511 -1
02512 -1
02513 3
02514 -1
02515 1
02516 -1
02517 -1
02518 -1
02519 1
02520 8
02521 -1
02522 -1
02523 -1
02524 -1
02525 -1
02526 4
02527 -1
02528 3
02529 7
02530 10
02531 -1
02532 -1
02533 -1
02534 10
02535 1
02536 1
02537 -1
02538 1
02539 3
02540 1
02541 -1
02542 -1
02543 -1
02544 7
02545 5
02546 -1
02547 2
02548 5
02549 -1
02550 9
02551 2
02552 4
02553 -1
02554 -1
02555 2
02556 9
02557 -1
02558 9
02559 3
02560 1
02561 4
02562 -1
02563 -1
02564 1
02565 -1
02566 3
02567 3
02568 -1
02569 1
02570 -1
02571 1
02572 4
02573 1
02574 5
02575 -1
02576 1
02577 7
02578 3
02579 -1
02580 -1
02581 1
02582 -1
02583 -1
02584 -1
02585 -1
02586 4
02587 8
02588 -1
02589 -1
02590 -1
02591 6
02592 -1
02593 1
02594 -1
02595 -1
02596 -1
02597 -1
02598 3
02599 -1
02600 -1
02601 -1
02602 -1
02603 5
02604 3
02605 4
02606 1
02607 -1
02608 -1
02609 -1
02610 1
02611 -1
02612 -1
02613 -1
02614 1
02615 7
02616 -1
02617 7
02618 3
02619 -1
02620 3
02621 1
02622 1
02623 -1
02624 -1
02625 4
02626 2
02627 -1
02628 -1
02629 9
02630 -1
02631 9
02632 -1
02633 6
02634 -1
02635 6
02636 -1
02637 5
02638 6
02639 -1
02640 -1
02641 -1
02642 1
02643 -1
02644 8
02645 -1
02646 1
02647 -1
02648 -1
02649 1
02650 1
02651 9
02652 1
02653 4
02654 -1
02655 -1
02656 1
02657 -1
02658 1
02659 9
02660 7
02661 -1
02662 -1
02663 5
02664 1
02665 9
02666 -1
02667 -1
02668 2
02669 9
02670 -1
02671 -1
02672 -1
02673 -1
02674 9
02675 7
02676 1
02677 -1
02678 -1
02679 4
02680 5
02681 8
02682 -1
02683 9
02684 9
02685 -1
02686 -1
02687 -1
02688 -1
02689 5
02690 1
02691 1
02692 -1
02693 -1
02694 -1
02695 -1
02696 7
02697 -1
02698 6
02699 -1
02700 -1
02701 -1
02702 1
02703 -1
02704 2
02705 -1
02706 -1
02707 2
02708 -1
02709 9
02710 -1
02711 -1
02712 6
02713 6
02714 -1
02715 3
02716 -1
02717 -1
02718 1
02719 -1
02720 9
02721 -1
02722 1
02723 -1
02724 -1
02725 5
02726 2
02727 6
02728 -1
02729 3
02730 4
02731 10
02732 -1
02733 -1
02734 10
02735 -1
02736 1
02737 1
02738 5
02739 -1
02740 -1
02741 2
02742 3
02743 -1
02744 -1
02745 7
02746 -1
02747 -1
02748 2
02749 9
02750 1
02751 6
02752 -1
02753 1
02754 2
02755 2
02756 -1
02757 -1
02758 9
02759 -1
02760 -1
02761 -1
02762 -1
02763 -1
02764 -1
02765 -1
02766 3
02767 6
02768 -1
02769 -1
02770 9
02771 3
02772 3
02773 2
02774 9
02775 1
02776 -1
02777 7
02778 -1
02779 -1
02780 4
02781 -1
02782 -1
02783 2
02784 5
02785 1
02786 9
02787 -1
02788 5
02789 -1
02790 -1
02791 1
02792 -1
02793 -1
02794 -1
02795 3
02796 -1
02797 5
02798 10
02799 -1
02800 -1
02801 -1
02802 -1
02803 7
02804 3
02805 1
02806 1
02807 -1
02808 -1
02809 -1
02810 -1
02811 3
02812 -1
02813 1
02814 -1
02815 9
02816 -1
02817 4
02818 3
02819 2
02820 -1
02821 5
02822 8
02823 -1
02824 -1
02825 -1
02826 10
02827 5
02828 -1
02829 -1
02830 8
02831 3
02832 9
02833 -1
02834 -1
02835 9
02836 4
02837 -1
02838 2
02839 2
02840 1
02841 -1
02842 3
02843 -1
02844 -1
02845 -1
02846 -1
02847 10
02848 -1
02849 1
02850 -1
02851 9
02852 -1
02853 -1
02854 -1
02855 -1
02856 -1
02857 7
02858 -1
02859 -1
02860 3
02861 9
02862 -1
02863 1
02864 4
02865 -1
02866 5
02867 9
02868 -1
02869 -1
02870 3
02871 -1
02872 -1
02873 1
02874 8
02875 -1
02876 6
02877 1
02878 9
02879 -1
02880 -1
02881 -1
02882 1
02883 1
02884 3
02885 9
02886 -1
02887 -1
02888 -1
02889 -1
02890 3
02891 3
02892 6
02893 -1
02894 -1
02895 1
02896 9
02897 -1
02898 -1
02899 -1
02900 -1
02901 -1
02902 1
02903 -1
02904 3
02905 9
02906 1
02907 -1
02908 -1
02909 1
02910 -1
02911 7
02912 -1
02913 8
02914 -1
02915 -1
02916 -1
02917 5
02918 -1
02919 5
02920 -1
02921 -1
02922 -1
02923 3
02924 6
02925 6
02926 -1
02927 -1
02928 3
02929 2
02930 3
02931 -1
02932 -1
02933 -1
02934 9
02935 -1
02936 1
02937 8
02938 -1
02939 -1
02940 -1
02941 -1
02942 -1
02943 4
02944 8
02945 -1
02946 10
02947 1
02948 8
02949 10
02950 9
02951 -1
02952 -1
02953 5
02954 9
02955 -1
02956 1
02957 -1
02958 -1
02959 -1
02960 1
02961 -1
02962 9
02963 -1
02964 1
02965 -1
02966 6
02967 7
02968 8
02969 2
02970 -1
02971 1
02972 1
02973 9
02974 -1
02975 9
02976 1
02977 2
02978 -1
02979 -1
02980 9
02981 5
02982 5
02983 3
02984 -1
02985 1
02986 -1
02987 2
02988 -1
02989 -1
02990 8
02991 -1
02992 1
02993 -1
02994 -1
02995 -1
02996 -1
02997 5
02998 -1
02999 -1
03000 1
03001 5
03002 10
03003 -1
03004 2
03005 10
03006 -1
03007 -1
03008 7
03009 -1
03010 -1
03011 -1
03012 8
03013 6
03014 8
03015 -1
03016 -1
03017 -1
03018 -1
03019 -1
03020 -1
03021 9
03022 9
03023 2
03024 9
03025 -1
03026 3
03027 -1
03028 9
03029 1
03030 -1
03031 -1
03032 4
03033 5
03034 6
03035 4
03036 -1
03037 -1
03038 7
03039 -1
03040 -1
03041 -1
03042 -1
03043 10
03044 -1
03045 10
03046 -1
03047 -1
03048 -1
03049 9
03050 -1
03051 1
03052 1
03053 -1
03054 3
03055 1
03056 -1
03057 -1
03058 2
03059 -1
03060 6
03061 -1
03062 -1
03063 3
03064 -1
03065 -1
03066 -1
03067 -1
03068 -1
03069 8
03070 9
03071 2
03072 7
03073 -1
03074 -1
03075 3
03076 6
03077 6
03078 -1
03079 4
03080 9
03081 -1
03082 2
03083 9
03084 6
03085 -1
03086 9
03087 10
03088 -1
03089 -1
03090 -1
03091 6
03092 -1
03093 -1
03094 6
03095 -1
03096 2
03097 -1
03098 -1
03099 1
03100 -1
03101 9
03102 1
03103 -1
03104 1
03105 -1
03106 5
03107 -1
03108 -1
03109 7
03110 -1
03111 7
03112 3
03113 -1
03114 -1
03115 -1
03116 -1
03117 -1
03118 1
03119 5
03120 -1
03121 -1
03122 -1
03123 10
03124 -1
03125 -1
03126 9
03127 -1
03128 -1
03129 7
03130 -1
03131 9
03132 -1
03133 -1
03134 -1
03135 1
03136 10
03137 -1
03138 -1
03139 -1
03140 1
03141 -1
03142 3
03143 -1
03144 3
03145 -1
03146 -1
03147 -1
03148 -1
03149 -1
03150 -1
03151 -1
03152 10
03153 9
03154 -1
03155 2
03156 10
03157 -1
03158 2
03159 10
03160 -1
03161 3
03162 1
03163 -1
03164 5
03165 3
03166 2
03167 5
03168 -1
03169 4
03170 -1
03171 -1
03172 2
03173 7
03174 -1
03175 9
03176 -1
03177 -1
03178 4
03179 -1
03180 -1
03181 4
03182 10
03183 -1
03184 1
03185 -1
03186 -1
03187 -1
03188 2
03189 -1
03190 5
03191 9
03192 1
03193 -1
03194 -1
03195 2
03196 -1
03197 -1
03198 1
03199 3
03200 -1
03201 -1
03202 -1
03203 -1
03204 -1
03205 5
03206 6
03207 -1
03208 -1
03209 -1
03210 -1
03211 -1
03212 -1
03213 1
03214 -1
03215 -1
03216 5
03217 3
03218 -1
03219 -1
03220 -1
03221 2
03222 -1
03223 10
03224 -1
03225 1
03226 -1
03227 1
03228 4
03229 -1
03230 -1
03231 3
03232 -1
03233 -1
03234 5
03235 3
03236 -1
03237 -1
03238 -1
03239 -1
03240 -1
03241 5
03242 -1
03243 -1
03244 -1
03245 3
03246 8
03247 3
03248 -1
03249 7
03250 -1
03251 -1
03252 1
03253 -1
03254 -1
03255 -1
03256 2
03257 -1
03258 -1
03259 -1
03260 -1
03261 1
03262 -1
03263 1
03264 9
03265 -1
03266 2
03267 -1
03268 -1
03269 6
03270 -1
03271 -1
03272 -1
03273 -1
03274 -1
03275 -1
03276 -1
03277 2
03278 -1
03279 7
03280 -1
03281 -1
03282 -1
03283 -1
03284 10
03285 -1
03286 -1
03287 9
03288 -1
03289 -1
03290 -1
03291 -1
03292 5
03293 -1
03294 8
03295 -1
03296 -1
03297 -1
03298 5
03299 2
03300 10
03301 -1
03302 -1
03303 3
03304 -1
03305 -1
03306 2
03307 4
03308 7
03309 7
03310 8
03311 7
03312 3
03313 1
03314 -1
03315 -1
03316 -1
03317 3
03318 -1
03319 -1
03320 -1
03321 -1
03322 -1
03323 6
03324 -1
03325 10
03326 -1
03327 3
03328 -1
03329 5
03330 -1
03331 -1
03332 -1
03333 -1
03334 -1
03335 -1
03336 -1
03337 -1
03338 -1
03339 -1
03340 -1
03341 -1
03342 1
03343 -1
03344 -1
03345 -1
03346 5
03347 -1
03348 5
03349 9
03350 -1
03351 -1
03352 -1
03353 1
03354 -1
03355 -1
03356 -1
03357 9
03358 10
03359 -1
03360 1
03361 3
03362 4
03363 9
03364 -1
03365 4
03366 -1
03367 -1
03368 -1
03369 -1
03370 -1
03371 -1
03372 -1
03373 -1
03374 6
03375 -1
03376 7
03377 -1
03378 -1
03379 -1
03380 -1
03381 2
03382 3
03383 -1
03384 -1
03385 -1
03386 5
03387 -1
03388 -1
03389 -1
03390 -1
03391 8
03392 4
03393 3
03394 10
03395 1
03396 6
03397 -1
03398 -1
03399 -1
03400 4
03401 -1
03402 -1
03403 -1
03404 -1
03405 -1
03406 6
03407 9
03408 -1
03409 1
03410 -1
03411 -1
03412 2
03413 -1
03414 -1
03415 -1
03416 1
03417 9
03418 -1
03419 -1
03420 2
03421 -1
03422 -1
03423 5
03424 1
03425 -1
03426 4
03427 -1
03428 -1
03429 -1
03430 -1
03431 -1
03432 3
03433 9
03434 10
03435 -1
03436 -1
03437 -1
03438 4
03439 3
03440 -1
03441 -1
03442 8
03443 1
03444 -1
03445 2
03446 -1
03447 1
03448 -1
03449 -1
03450 -1
03451 -1
03452 -1
03453 9
03454 -1
03455 5
03456 1
03457 -1
03458 -1
03459 -1
03460 -1
03461 -1
03462 -1
03463 5
03464 7
03465 5
03466 1
03467 -1
03468 -1
03469 5
03470 -1
03471 5
03472 -1
03473 -1
03474 1
03475 -1
03476 -1
03477 9
03478 2
03479 2
03480 7
03481 -1
03482 2
03483 -1
03484 -1
03485 -1
03486 -1
03487 -1
03488 -1
03489 2
03490 -1
03491 -1
03492 9
03493 8
03494 -1
03495 -1
03496 6
03497 -1
03498 -1
03499 -1
03500 -1
03501 -1
03502 -1
03503 6
03504 -1
03505 -1
03506 -1
03507 -1
03508 9
03509 -1
03510 9
03511 -1
03512 1
03513 5
03514 2
03515 -1
03516 -1
03517 5
03518 3
03519 5
03520 1
03521 -1
03522 -1
03523 6
03524 -1
03525 -1
03526 -1
03527 1
03528 -1
03529 -1
03530 9
03531 -1
03532 -1
03533 -1
03534 -1
03535 9
03536 -1
03537 4
03538 1
03539 6
03540 -1
03541 2
03542 -1
03543 -1
03544 -1
03545 -1
03546 -1
03547 2
03548 9
03549 -1
03550 -1
03551 -1
03552 -1
03553 4
03554 -1
03555 -1
03556 -1
03557 1
03558 2
03559 -1
03560 -1
03561 -1
03562 -1
03563 -1
03564 2
03565 -1
03566 -1
03567 9
03568 -1
03569 -1
03570 -1
03571 -1
03572 -1
03573 -1
03574 1
03575 -1
03576 3
03577 9
03578 -1
03579 -1
03580 -1
03581 -1
03582 -1
03583 7
03584 -1
03585 3
03586 1
03587 1
03588 9
03589 -1
03590 7
03591 3
03592 -1
03593 -1
03594 -1
03595 -1
03596 6
03597 10
03598 -1
03599 -1
03600 -1
03601 1
03602 -1
03603 -1
03604 -1
03605 -1
03606 -1
03607 9
03608 -1
03609 7
03610 -1
03611 -1
03612 1
03613 -1
03614 -1
03615 -1
03616 1
03617 1
03618 2
03619 1
03620 1
03621 -1
03622 -1
03623 -1
03624 -1
03625 -1
03626 -1
03627 -1
03628 1
03629 -1
03630 -1
03631 -1
03632 -1
03633 5
03634 -1
03635 -1
03636 6
03637 -1
03638 -1
03639 1
03640 9
03641 -1
03642 -1
03643 4
03644 -1
03645 -1
03646 -1
03647 -1
03648 3
03649 3
03650 1
03651 -1
03652 5
03653 1
03654 -1
03655 6
03656 10
03657 -1
03658 1
03659 -1
03660 -1
03661 10
03662 -1
03663 -1
03664 1
03665 -1
03666 5
03667 10
03668 4
03669 -1
03670 3
03671 2
03672 9
03673 10
03674 8
03675 -1
03676 -1
03677 -1
03678 -1
03679 1
03680 -1
03681 -1
03682 5
03683 1
03684 8
03685 6
03686 -1
03687 5
03688 -1
03689 -1
03690 5
03691 9
03692 -1
03693 1
03694 -1
03695 -1
03696 -1
03697 5
03698 -1
03699 -1
03700 -1
03701 -1
03702 4
03703 -1
03704 -1
03705 -1
03706 -1
03707 -1
03708 5
03709 9
03710 -1
03711 7
03712 -1
03713 -1
03714 -1
03715 7
03716 -1
03717 9
03718 -1
03719 -1
03720 -1
03721 -1
03722 10
03723 6
03724 -1
03725 -1
03726 -1
03727 -1
03728 4
03729 -1
03730 9
03731 -1
03732 -1
03733 -1
03734 2
03735 1
03736 -1
03737 -1
03738 -1
03739 8
03740 -1
03741 6
03742 5
03743 -1
03744 3
03745 -1
03746 -1
03747 3
03748 -1
03749 -1
03750 10
03751 7
03752 9
03753 9
03754 -1
03755 6
03756 3
03757 -1
03758 4
03759 -1
03760 -1
03761 -1
03762 3
03763 -1
03764 4
03765 -1
03766 -1
03767 7
03768 -1
03769 -1
03770 2
03771 -1
03772 -1
03773 -1
03774 10
03775 -1
03776 -1
03777 1
03778 -1
03779 2
03780 -1
03781 10
03782 -1
03783 -1
03784 -1
03785 1
03786 4
03787 -1
03788 -1
03789 -1
03790 5
03791 -1
03792 -1
03793 9
03794 10
03795 -1
03796 4
03797 1
03798 -1
03799 -1
03800 -1
03801 -1
03802 -1
03803 3
03804 5
03805 3
03806 3
03807 9
03808 4
03809 -1
03810 1
03811 1
03812 1
03813 -1
03814 1
03815 -1
03816 -1
03817 1
03818 3
03819 3
03820 -1
03821 9
03822 -1
03823 -1
03824 -1
03825 -1
03826 7
03827 2
03828 4
03829 7
03830 -1
03831 2
03832 1
03833 -1
03834 -1
03835 -1
03836 4
03837 -1
03838 -1
03839 9
03840 -1
03841 4
03842 1
03843 -1
03844 -1
03845 -1
03846 8
03847 1
03848 1
03849 1
03850 1
03851 2
03852 -1
03853 -1
03854 -1
03855 -1
03856 -1
03857 6
03858 5
03859 -1
03860 -1
03861 3
03862 3
03863 -1
03864 -1
03865 -1
03866 6
03867 2
03868 -1
03869 5
03870 -1
03871 -1
03872 1
03873 5
03874 1
03875 -1
03876 5
03877 -1
03878 6
03879 3
03880 9
03881 7
03882 -1
03883 -1
03884 -1
03885 -1
03886 -1
03887 -1
03888 1
03889 -1
03890 -1
03891 -1
03892 3
03893 -1
03894 2
03895 -1
03896 -1
03897 5
03898 -1
03899 1
03900 -1
03901 3
03902 2
03903 5
03904 3
03905 -1
03906 5
03907 -1
03908 -1
03909 -1
03910 -1
03911 -1
03912 6
03913 1
03914 7
03915 5
03916 5
03917 5
03918 -1
03919 2
03920 -1
03921 2
03922 -1
03923 -1
03924 -1
03925 6
03926 -1
03927 -1
03928 2
03929 -1
03930 9
03931 4
03932 3
03933 4
03934 -1
03935 1
03936 -1
03937 -1
03938 -1
03939 2
03940 -1
03941 -1
03942 2
03943 3
03944 -1
03945 -1
03946 -1
03947 5
03948 -1
03949 1
03950 -1
03951 1
03952 -1
03953 1
03954 2
03955 -1
03956 -1
03957 1
03958 -1
03959 -1
03960 -1
03961 4
03962 1
03963 -1
03964 10
03965 3
03966 -1
03967 -1
03968 -1
03969 3
03970 -1
03971 4
03972 5
03973 -1
03974 -1
03975 -1
03976 -1
03977 5
03978 -1
03979 2
03980 7
03981 5
03982 4
03983 -1
03984 -1
03985 -1
03986 3
03987 5
03988 -1
03989 4
03990 -1
03991 -1
03992 2
03993 1
03994 9
03995 -1
03996 9
03997 -1
03998 3
03999 5
04000 2
04001 3
04002 -1
04003 -1
04004 -1
04005 9
04006 1
04007 10
04008 -1
04009 2
04010 3
04011 6
04012 1
04013 10
04014 3
04015 10
04016 -1
04017 -1
04018 -1
04019 5
04020 -1
04021 6
04022 6
04023 7
04024 8
04025 9
04026 2
04027 -1
04028 6
04029 3
04030 6
04031 5
04032 3
04033 -1
04034 -1
04035 10
04036 -1
04037 -1
04038 5
04039 2
04040 -1
04041 -1
04042 1
04043 2
04044 -1
04045 2
04046 5
04047 7
04048 -1
04049 10
04050 -1
04051 -1
04052 -1
04053 -1
04054 2
04055 -1
04056 -1
04057 1
04058 -1
04059 -1
04060 9
04061 -1
04062 10
04063 -1
04064 10
04065 -1
04066 -1
04067 -1
04068 -1
04069 4
04070 -1
04071 5
04072 9
04073 9
04074 3
04075 -1
04076 -1
04077 7
04078 8
04079 -1
04080 -1
04081 -1
04082 8
04083 -1
04084 10
04085 -1
04086 1
04087 -1
04088 -1
04089 3
04090 1
04091 -1
04092 3
04093 2
04094 -1
04095 -1
04096 5
04097 -1
04098 1
04099 1
04100 2
04101 -1
04102 -1
04103 1
04104 2
04105 2
04106 -1
04107 10
04108 -1
04109 -1
04110 7
04111 -1
04112 -1
04113 9
04114 2
04115 -1
04116 1
04117 -1
04118 9
04119 -1
04120 3
04121 -1
04122 -1
04123 5
04124 -1
04125 5
04126 -1
04127 8
04128 -1
04129 -1
04130 1
04131 10
04132 2
04133 -1
04134 -1
04135 -1
04136 -1
04137 5
04138 -1
04139 -1
04140 -1
04141 5
04142 5
04143 -1
04144 2
04145 -1
04146 10
04147 2
04148 -1
04149 10
04150 3
04151 -1
04152 -1
04153 3
04154 -1
04155 -1
04156 -1
04157 1
04158 -1
04159 -1
04160 1
04161 -1
04162 -1
04163 -1
04164 8
04165 -1
04166 -1
04167 1
04168 -1
04169 -1
04170 -1
04171 1
04172 -1
04173 -1
04174 -1
04175 -1
04176 3
04177 -1
04178 2
04179 1
04180 1
04181 3
04182 -1
04183 -1
04184 -1
04185 6
04186 -1
04187 2
04188 3
04189 -1
04190 10
04191 -1
04192 -1
04193 -1
04194 -1
04195 -1
04196 1
04197 -1
04198 -1
04199 -1
04200 -1
04201 -1
04202 1
04203 2
04204 4
04205 -1
04206 3
04207 -1
04208 1
04209 7
04210 1
04211 -1
04212 1
04213 -1
04214 -1
04215 -1
04216 1
04217 3
04218 1
04219 -1
04220 -1
04221 10
04222 -1
04223 -1
04224 -1
04225 1
04226 1
04227 10
04228 -1
04229 5
04230 -1
04231 -1
04232 6
04233 6
04234 2
04235 -1
04236 -1
04237 7
04238 -1
04239 10
04240 -1
04241 -1
04242 -1
04243 9
04244 -1
04245 5
04246 -1
04247 -1
04248 -1
04249 -1
04250 -1
04251 -1
04252 -1
04253 2
04254 -1
04255 -1
04256 -1
04257 8
04258 -1
04259 -1
04260 -1
04261 3
04262 -1
04263 5
04264 10
04265 -1
04266 1
04267 -1
04268 -1
04269 2
04270 6
04271 9
04272 -1
04273 5
04274 1
04275 1
04276 5
04277 -1
04278 6
04279 5
04280 9
04281 9
04282 -1
04283 2
04284 -1
04285 8
04286 -1
04287 -1
04288 -1
04289 -1
04290 7
04291 -1
04292 -1
04293 1
04294 -1
04295 6
04296 8
04297 -1
04298 10
04299 8
04300 3
04301 -1
04302 5
04303 6
04304 -1
04305 2
04306 -1
04307 8
04308 -1
04309 -1
04310 10
04311 9
04312 -1
04313 -1
04314 1
04315 -1
04316 -1
04317 -1
04318 2
04319 -1
04320 1
04321 -1
04322 3
04323 -1
04324 6
04325 -1
04326 -1
04327 -1
04328 -1
04329 3
04330 -1
04331 1
04332 10
04333 1
04334 -1
04335 10
04336 2
04337 -1
04338 2
04339 -1
04340 -1
04341 2
04342 9
04343 -1
04344 -1
04345 -1
04346 -1
04347 -1
04348 1
04349 -1
04350 1
04351 5
04352 3
04353 3
04354 9
04355 -1
04356 -1
04357 -1
04358 -1
04359 2
04360 -1
04361 -1
04362 9
04363 -1
04364 9
04365 -1
04366 -1
04367 -1
04368 3
04369 2
04370 -1
04371 -1
04372 -1
04373 -1
04374 -1
04375 10
04376 8
04377 -1
04378 -1
04379 1
04380 3
04381 -1
04382 -1
04383 -1
04384 10
04385 1
04386 9
04387 -1
04388 10
04389 2
04390 9
04391 -1
04392 -1
04393 -1
04394 -1
04395 -1
04396 3
04397 -1
04398 -1
04399 8
04400 5
04401 -1
04402 2
04403 2
04404 -1
04405 5
04406 -1
04407 -1
04408 -1
04409 1
04410 -1
04411 -1
04412 -1
04413 -1
04414 1
04415 -1
04416 -1
04417 -1
04418 3
04419 8
04420 5
04421 9
04422 -1
04423 -1
04424 -1
04425 -1
04426 -1
04427 -1
04428 6
04429 9
04430 -1
04431 6
04432 -1
04433 8
04434 3
04435 6
04436 6
04437 -1
04438 -1
04439 -1
04440 9
04441 9
04442 1
04443 -1
04444 -1
04445 -1
04446 -1
04447 1
04448 -1
04449 -1
04450 5
04451 -1
04452 -1
04453 -1
04454 4
04455 -1
04456 5
04457 1
04458 -1
04459 -1
04460 -1
04461 4
04462 -1
04463 -1
04464 2
04465 -1
04466 -1
04467 1
04468 10
04469 3
04470 -1
04471 5
04472 5
04473 -1
04474 6
04475 -1
04476 5
04477 -1
04478 1
04479 -1
04480 5
04481 -1
04482 -1
04483 -1
04484 -1
04485 -1
04486 -1
04487 -1
04488 -1
04489 1
04490 1
04491 9
04492 -1
04493 -1
04494 -1
04495 -1
04496 -1
04497 3
04498 5
04499 -1
04500 -1
04501 -1
04502 -1
04503 -1
04504 -1
04505 -1
04506 -1
04507 -1
04508 -1
04509 9
04510 -1
04511 10
04512 1
04513 3
04514 -1
04515 6
04516 -1
04517 1
04518 -1
04519 8
04520 -1
04521 2
04522 -1
04523 3
04524 2
04525 -1
04526 -1
04527 8
04528 9
04529 5
04530 -1
04531 -1
04532 1
04533 1
04534 -1
04535 -1
04536 -1
04537 -1
04538 -1
04539 4
04540 -1
04541 -1
04542 -1
04543 9
04544 -1
04545 6
04546 1
04547 -1
04548 -1
04549 -1
04550 9
04551 -1
04552 2
04553 1
04554 -1
04555 10
04556 8
04557 -1
04558 -1
04559 -1
04560 -1
04561 2
04562 2
04563 -1
04564 -1
04565 3
04566 -1
04567 -1
04568 -1
04569 -1
04570 8
04571 10
04572 -1
04573 2
04574 -1
04575 5
04576 -1
04577 -1
04578 1
04579 -1
04580 -1
04581 -1
04582 3
04583 -1
04584 -1
04585 5
04586 8
04587 9
04588 7
04589 3
04590 -1
04591 -1
04592 1
04593 -1
04594 -1
04595 -1
04596 -1
04597 -1
04598 9
04599 -1
04600 -1
04601 7
04602 -1
04603 -1
04604 -1
04605 -1
04606 -1
04607 1
04608 -1
04609 -1
04610 1
04611 3
04612 -1
04613 -1
04614 -1
04615 -1
04616 -1
04617 -1
04618 9
04619 -1
04620 -1
04621 -1
04622 -1
04623 3
04624 -1
04625 2
04626 1
04627 -1
04628 -1
04629 -1
04630 1
04631 5
04632 -1
04633 2
04634 8
04635 2
04636 -1
04637 -1
04638 -1
04639 -1
04640 1
04641 -1
04642 6
04643 -1
04644 3
04645 -1
04646 -1
04647 1
04648 2
04649 -1
04650 2
04651 8
04652 1
04653 -1
04654 -1
04655 5
04656 -1
04657 1
04658 -1
04659 -1
04660 -1
04661 -1
04662 -1
04663 -1
04664 6
04665 -1
04666 -1
04667 4
04668 -1
04669 -1
04670 1
04671 3
04672 -1
04673 -1
04674 -1
04675 -1
04676 1
04677 -1
04678 5
04679 9
04680 -1
04681 -1
04682 -1
04683 -1
04684 -1
04685 -1
04686 -1
04687 -1
04688 1
04689 -1
04690 -1
04691 3
04692 9
04693 5
04694 4
04695 7
04696 -1
04697 -1
04698 -1
04699 -1
04700 -1
04701 5
04702 3
04703 1
04704 7
04705 3
04706 5
04707 -1
04708 -1
04709 -1
04710 -1
04711 1
04712 10
04713 9
04714 -1
04715 -1
04716 3
04717 1
04718 -1
04719 -1
04720 -1
04721 1
04722 1
04723 -1
04724 5
04725 9
04726 10
04727 -1
04728 -1
04729 -1
04730 6
04731 -1
04732 -1
04733 1
04734 -1
04735 3
04736 -1
04737 3
04738 -1
04739 9
04740 -1
04741 1
04742 -1
04743 -1
04744 1
04745 3
04746 -1
04747 8
04748 1
04749 -1
04750 4
04751 1
04752 2
04753 10
04754 -1
04755 -1
04756 -1
04757 -1
04758 1
04759 -1
04760 -1
04761 -1
04762 -1
04763 1
04764 -1
04765 -1
04766 2
04767 -1
04768 -1
04769 2
04770 -1
04771 -1
04772 -1
04773 -1
04774 1
04775 -1
04776 1
04777 -1
04778 -1
04779 -1
04780 9
04781 -1
04782 -1
04783 -1
04784 -1
04785 7
04786 -1
04787 -1
04788 -1
04789 10
04790 9
04791 -1
04792 1
04793 4
04794 -1
04795 -1
04796 2
04797 -1
04798 -1
04799 6
04800 6
04801 -1
04802 -1
04803 -1
04804 -1
04805 -1
04806 2
04807 2
04808 -1
04809 5
04810 -1
04811 4
04812 5
04813 -1
04814 -1
04815 -1
04816 5
04817 -1
04818 -1
04819 6
04820 -1
04821 3
04822 -1
04823 1
04824 -1
04825 -1
04826 -1
04827 -1
04828 -1
04829 9
04830 -1
04831 -1
04832 -1
04833 4
04834 -1
04835 -1
04836 -1
04837 1
04838 5
04839 6
04840 -1
04841 -1
04842 -1
04843 5
04844 -1
04845 -1
04846 4
04847 -1
04848 -1
04849 -1
04850 -1
04851 3
04852 10
04853 -1
04854 -1
04855 -1
04856 -1
04857 9
04858 1
04859 -1
04860 5
04861 3
04862 -1
04863 1
04864 3
04865 3
04866 2
04867 -1
04868 1
04869 -1
04870 4
04871 -1
04872 -1
04873 6
04874 1
04875 -1
04876 6
04877 1
04878 1
04879 -1
04880 2
04881 -1
04882 -1
04883 -1
04884 -1
04885 1
04886 -1
04887 -1
04888 10
04889 -1
04890 -1
04891 5
04892 7
04893 -1
04894 -1
04895 -1
04896 1
04897 5
04898 3
04899 7
04900 1
04901 -1
04902 -1
04903 -1
04904 -1
04905 4
04906 -1
04907 -1
04908 -1
04909 -1
04910 9
04911 -1
04912 -1
04913 -1
04914 -1
04915 -1
04916 -1
04917 -1
04918 -1
04919 9
04920 -1
04921 3
04922 -1
04923 1
04924 -1
04925 -1
04926 1
04927 6
04928 1
04929 -1
04930 9
04931 -1
04932 -1
04933 1
04934 -1
04935 -1
04936 5
04937 -1
04938 -1
04939 3
04940 1
04941 1
04942 -1
04943 6
04944 -1
04945 -1
04946 -1
04947 -1
04948 -1
04949 -1
04950 -1
04951 9
04952 1
04953 6
04954 8
04955 -1
04956 2
04957 2
04958 4
04959 -1
04960 -1
04961 1
04962 -1
04963 2
04964 9
04965 -1
04966 1
04967 9
04968 -1
04969 -1
04970 4
04971 -1
04972 10
04973 -1
04974 -1
04975 -1
04976 5
04977 -1
04978 -1
04979 5
04980 1
04981 -1
04982 10
04983 -1
04984 -1
04985 -1
04986 -1
04987 5
04988 -1
04989 10
04990 -1
04991 -1
04992 -1
04993 -1
04994 1
04995 -1
04996 3
04997 3
04998 9
04999 9
05000 -1
05001 -1
05002 1
05003 3
05004 1
05005 3
05006 -1
05007 4
05008 -1
05009 -1
05010 1
05011 -1
05012 -1
05013 -1
05014 1
05015 9
05016 -1
05017 -1
05018 1
05019 9
05020 2
05021 3
05022 -1
05023 5
05024 -1
05025 2
05026 -1
05027 8
05028 2
05029 -1
05030 4
05031 -1
05032 1
05033 -1
05034 -1
05035 -1
05036 -1
05037 -1
05038 10
05039 9
05040 5
05041 10
05042 1
05043 -1
05044 -1
05045 4
05046 -1
05047 7
05048 1
05049 -1
05050 -1
05051 1
05052 3
05053 7
05054 -1
05055 -1
05056 -1
05057 -1
05058 1
05059 1
05060 3
05061 -1
05062 -1
05063 1
05064 -1
05065 9
05066 -1
05067 -1
05068 -1
05069 -1
05070 9
05071 3
05072 -1
05073 3
05074 9
05075 -1
05076 -1
05077 -1
05078 -1
05079 -1
05080 9
05081 -1
05082 4
05083 -1
05084 -1
05085 7
05086 -1
05087 7
05088 1
05089 -1
05090 5
05091 -1
05092 -1
05093 3
05094 6
05095 -1
05096 6
05097 3
05098 -1
05099 1
05100 2
05101 5
05102 -1
05103 3
05104 7
05105 3
05106 -1
05107 -1
05108 -1
05109 -1
05110 -1
05111 -1
05112 -1
05113 -1
05114 1
05115 -1
05116 -1
05117 -1
05118 1
05119 -1
05120 -1
05121 9
05122 2
05123 9
05124 1
05125 -1
05126 3
05127 6
05128 -1
05129 -1
05130 -1
05131 -1
05132 -1
05133 -1
05134 -1
05135 -1
05136 -1
05137 10
05138 -1
05139 9
05140 -1
05141 1
05142 9
05143 -1
05144 -1
05145 1
05146 -1
05147 6
05148 -1
05149 -1
05150 1
05151 8
05152 -1
05153 -1
05154 -1
05155 -1
05156 -1
05157 1
05158 -1
05159 -1
05160 10
05161 2
05162 -1
05163 9
05164 -1
05165 -1
05166 4
05167 -1
05168 3
05169 6
05170 1
05171 -1
05172 -1
05173 3
05174 1
05175 -1
05176 6
05177 -1
05178 10
05179 -1
05180 4
05181 2
05182 -1
05183 -1
05184 -1
05185 5
05186 -1
05187 1
05188 3
05189 -1
05190 -1
05191 -1
05192 5
05193 9
05194 -1
05195 2
05196 -1
05197 -1
05198 2
05199 8
05200 -1
05201 4
05202 9
05203 4
05204 3
05205 6
05206 3
05207 1
05208 10
05209 3
05210 10
05211 6
05212 1
05213 -1
05214 -1
05215 7
05216 -1
05217 4
05218 5
05219 -1
05220 1
05221 -1
05222 2
05223 -1
05224 -1
05225 -1
05226 8
05227 4
05228 -1
05229 2
05230 -1
05231 -1
05232 -1
05233 -1
05234 3
05235 -1
05236 -1
05237 -1
05238 9
05239 -1
05240 3
05241 4
05242 -1
05243 10
05244 9
05245 3
05246 -1
05247 -1
05248 10
05249 -1
05250 -1
05251 2
05252 -1
05253 9
05254 4
05255 9
05256 1
05257 2
05258 -1
05259 -1
05260 4
05261 -1
05262 -1
05263 1
05264 1
05265 -1
05266 -1
05267 -1
05268 10
05269 3
05270 -1
05271 -1
05272 -1
05273 2
05274 3
05275 -1
05276 -1
05277 6
05278 9
05279 -1
05280 -1
05281 -1
05282 -1
05283 -1
05284 -1
05285 -1
05286 -1
05287 -1
05288 -1
05289 1
05290 -1
05291 4
05292 -1
05293 9
05294 -1
05295 5
05296 -1
05297 9
05298 -1
05299 2
05300 -1
05301 -1
05302 -1
05303 9
05304 -1
05305 1
05306 1
05307 -1
05308 -1
05309 -1
05310 4
05311 3
05312 3
05313 10
05314 6
05315 3
05316 -1
05317 -1
05318 4
05319 4
05320 -1
05321 2
05322 -1
05323 -1
05324 3
05325 -1
05326 -1
05327 -1
05328 -1
05329 -1
05330 -1
05331 10
05332 1
05333 7
05334 6
05335 -1
05336 -1
05337 -1
05338 3
05339 -1
05340 5
05341 1
05342 -1
05343 1
05344 -1
05345 -1
05346 -1
05347 -1
05348 -1
05349 4
05350 1
05351 -1
05352 9
05353 5
05354 8
05355 -1
05356 -1
05357 -1
05358 -1
05359 4
05360 -1
05361 10
05362 3
05363 6
05364 -1
05365 -1
05366 10
05367 1
05368 1
05369 3
05370 -1
05371 3
05372 5
05373 -1
05374 -1
05375 -1
05376 -1
05377 1
05378 -1
05379 9
05380 10
05381 -1
05382 2
05383 -1
05384 1
05385 -1
05386 -1
05387 -1
05388 2
05389 -1
05390 -1
05391 -1
05392 -1
05393 10
05394 8
05395 10
05396 1
05397 -1
05398 1
05399 -1
05400 1
05401 -1
05402 3
05403 10
05404 -1
05405 -1
05406 3
05407 -1
05408 1
05409 -1
05410 -1
05411 10
05412 -1
05413 3
05414 1
05415 -1
05416 9
05417 10
05418 5
05419 -1
05420 1
05421 -1
05422 -1
05423 -1
05424 -1
05425 1
05426 3
05427 4
05428 -1
05429 9
05430 3
05431 8
05432 1
05433 3
05434 3
05435 -1
05436 -1
05437 -1
05438 -1
05439 8
05440 -1
05441 10
05442 -1
05443 -1
05444 3
05445 -1
05446 -1
05447 -1
05448 9
05449 -1
05450 6
05451 -1
05452 -1
05453 5
05454 3
05455 -1
05456 -1
05457 5
05458 -1
05459 3
05460 -1
05461 -1
05462 10
05463 -1
05464 -1
05465 5
05466 7
05467 -1
05468 4
05469 -1
05470 -1
05471 -1
05472 4
05473 -1
05474 -1
05475 -1
05476 -1
05477 10
05478 3
05479 2
05480 -1
05481 3
05482 5
05483 4
05484 -1
05485 -1
05486 -1
05487 3
05488 -1
05489 1
05490 -1
05491 -1
05492 8
05493 -1
05494 -1
05495 -1
05496 -1
05497 -1
05498 -1
05499 -1
05500 1
05501 -1
05502 2
05503 -1
05504 -1
05505 1
05506 -1
05507 -1
05508 -1
05509 -1
05510 5
05511 9
05512 5
05513 4
05514 -1
05515 -1
05516 8
05517 3
05518 8
05519 -1
05520 -1
05521 -1
05522 3
05523 -1
05524 -1
05525 -1
05526 -1
05527 -1
05528 -1
05529 3
05530 -1
05531 4
05532 -1
05533 -1
05534 9
05535 3
05536 -1
05537 8
05538 -1
05539 -1
05540 -1
05541 2
05542 -1
05543 5
05544 1
05545 -1
05546 -1
05547 2
05548 5
05549 2
05550 -1
05551 10
05552 -1
05553 -1
05554 6
05555 -1
05556 9
05557 -1
05558 3
05559 6
05560 2
05561 1
05562 -1
05563 -1
05564 1
05565 -1
05566 -1
05567 10
05568 -1
05569 -1
05570 -1
05571 -1
05572 9
05573 -1
05574 -1
05575 -1
05576 9
05577 -1
05578 -1
05579 1
05580 7
05581 7
05582 3
05583 -1
05584 -1
05585 -1
05586 -1
05587 10
05588 10
05589 6
05590 -1
05591 -1
05592 -1
05593 3
05594 2
05595 -1
05596 -1
05597 -1
05598 -1
05599 -1
05600 2
05601 10
05602 1
05603 -1
05604 2
05605 7
05606 -1
05607 4
05608 9
05609 -1
05610 4
05611 -1
05612 1
05613 8
05614 -1
05615 5
05616 4
05617 -1
05618 -1
05619 4
05620 4
05621 9
05622 -1
05623 5
05624 -1
05625 -1
05626 3
05627 5
05628 -1
05629 8
05630 -1
05631 1
05632 -1
05633 -1
05634 -1
05635 6
05636 2
05637 -1
05638 -1
05639 10
05640 -1
05641 1
05642 -1
05643 6
05644 -1
05645 -1
05646 9
05647 -1
05648 4
05649 -1
05650 9
05651 1
05652 -1
05653 -1
05654 -1
05655 7
05656 4
05657 -1
05658 4
05659 2
05660 -1
05661 -1
05662 -1
05663 4
05664 6
05665 5
05666 2
05667 2
05668 5
05669 8
05670 -1
05671 -1
05672 -1
05673 3
05674 -1
05675 1
05676 2
05677 2
05678 -1
05679 -1
05680 -1
05681 -1
05682 -1
05683 10
05684 9
05685 -1
05686 -1
05687 -1
05688 10
05689 -1
05690 5
05691 5
05692 3
05693 -1
05694 6
05695 -1
05696 -1
05697 1
05698 -1
05699 -1
05700 -1
05701 -1
05702 -1
05703 1
05704 5
05705 10
05706 -1
05707 6
05708 -1
05709 8
05710 1
05711 6
05712 8
05713 -1
05714 -1
05715 -1
05716 -1
05717 -1
05718 1
05719 -1
05720 -1
05721 9
05722 -1
05723 3
05724 -1
05725 4
05726 2
05727 -1
05728 2
05729 1
05730 -1
05731 -1
05732 -1
05733 -1
05734 5
05735 2
05736 1
05737 6
05738 -1
05739 1
05740 -1
05741 -1
05742 -1
05743 -1
05744 7
05745 -1
05746 -1
05747 10
05748 2
05749 -1
05750 2
05751 1
05752 9
05753 8
05754 -1
05755 -1
05756 -1
05757 1
05758 -1
05759 9
05760 6
05761 3
05762 -1
05763 -1
05764 3
05765 -1
05766 2
05767 -1
05768 2
05769 -1
05770 -1
05771 -1
05772 1
05773 6
05774 6
05775 3
05776 9
05777 -1
05778 2
05779 -1
05780 3
05781 -1
05782 -1
05783 5
05784 -1
05785 4
05786 -1
05787 5
05788 -1
05789 2
05790 -1
05791 6
05792 -1
05793 1
05794 -1
05795 6
05796 1
05797 3
05798 5
05799 2
05800 -1
05801 -1
05802 -1
05803 -1
05804 -1
05805 2
05806 -1
05807 -1
05808 5
05809 -1
05810 5
05811 9
05812 2
05813 3
05814 10
05815 -1
05816 -1
05817 1
05818 1
05819 -1
05820 5
05821 -1
05822 -1
05823 5
05824 3
05825 -1
05826 9
05827 5
05828 -1
05829 -1
05830 9
05831 -1
05832 -1
05833 5
05834 2
05835 8
05836 9
05837 -1
05838 -1
05839 -1
05840 -1
05841 -1
05842 -1
05843 -1
05844 5
05845 3
05846 -1
05847 -1
05848 1
05849 7
05850 5
05851 1
05852 -1
05853 -1
05854 -1
05855 -1
05856 1
05857 -1
05858 1
05859 -1
05860 -1
05861 3
05862 -1
05863 10
05864 1
05865 -1
05866 -1
05867 -1
05868 -1
05869 -1
05870 1
05871 -1
05872 10
05873 -1
05874 -1
05875 -1
05876 -1
05877 -1
05878 1
05879 -1
05880 4
05881 -1
05882 -1
05883 9
05884 1
05885 5
05886 -1
05887 -1
05888 -1
05889 -1
05890 -1
05891 5
05892 -1
05893 -1
05894 -1
05895 -1
05896 1
05897 -1
05898 10
05899 2
05900 -1
05901 -1
05902 6
05903 -1
05904 -1
05905 -1
05906 7
05907 1
05908 -1
05909 -1
05910 3
05911 -1
05912 3
05913 10
05914 4
05915 -1
05916 3
05917 1
05918 9
05919 -1
05920 5
05921 -1
05922 2
05923 -1
05924 -1
05925 4
05926 -1
05927 5
05928 -1
05929 -1
05930 -1
05931 9
05932 3
05933 -1
05934 -1
05935 -1
05936 -1
05937 1
05938 7
05939 1
05940 -1
05941 8
05942 -1
05943 -1
05944 9
05945 -1
05946 -1
05947 -1
05948 2
05949 -1
05950 -1
05951 -1
05952 3
05953 5
05954 9
05955 -1
05956 -1
05957 -1
05958 6
05959 -1
05960 -1
05961 -1
05962 3
05963 -1
05964 8
05965 -1
05966 1
05967 10
05968 4
05969 -1
05970 -1
05971 -1
05972 -1
05973 2
05974 -1
05975 -1
05976 2
05977 -1
05978 -1
05979 1
05980 -1
05981 10
05982 -1
05983 2
05984 4
05985 3
05986 -1
05987 6
05988 -1
05989 -1
05990 -1
05991 1
05992 -1
05993 -1
05994 -1
05995 1
05996 -1
05997 -1
05998 6
05999 10
06000 -1
06001 2
06002 -1
06003 -1
06004 -1
06005 -1
06006 -1
06007 -1
06008 -1
06009 -1
06010 3
06011 8
06012 1
06013 -1
06014 1
06015 4
06016 -1
06017 -1
06018 10
06019 -1
06020 10
06021 5
06022 -1
06023 3
06024 -1
06025 -1
06026 9
06027 9
06028 -1
06029 10
06030 1
06031 1
06032 10
06033 -1
06034 -1
06035 -1
06036 -1
06037 -1
06038 -1
06039 4
06040 3
06041 -1
06042 -1
06043 -1
06044 -1
06045 -1
06046 -1
06047 9
06048 2
06049 -1
06050 9
06051 -1
06052 10
06053 -1
06054 8
06055 9
06056 -1
06057 1
06058 -1
06059 -1
06060 2
06061 9
06062 -1
06063 -1
06064 9
06065 1
06066 -1
06067 1
06068 5
06069 -1
06070 5
06071 4
06072 -1
06073 -1
06074 9
06075 3
06076 8
06077 1
06078 -1
06079 -1
06080 -1
06081 -1
06082 -1
06083 -1
06084 -1
06085 -1
06086 -1
06087 -1
06088 8
06089 -1
06090 -1
06091 -1
06092 1
06093 -1
06094 10
06095 9
06096 -1
06097 3
06098 -1
06099 -1
06100 -1
06101 5
06102 5
06103 6
06104 8
06105 -1
06106 -1
06107 2
06108 6
06109 -1
06110 -1
06111 -1
06112 3
06113 3
06114 -1
06115 4
06116 3
06117 -1
06118 2
06119 -1
06120 6
06121 9
06122 1
06123 10
06124 -1
06125 -1
06126 -1
06127 -1
06128 -1
06129 1
06130 8
06131 3
06132 5
06133 2
06134 1
06135 -1
06136 -1
06137 -1
06138 -1
06139 2
06140 -1
06141 -1
06142 -1
06143 -1
06144 10
06145 2
06146 -1
06147 8
06148 6
06149 1
06150 -1
06151 -1
06152 2
06153 -1
06154 8
06155 -1
06156 -1
06157 -1
06158 2
06159 10
06160 -1
06161 -1
06162 -1
06163 -1
06164 1
06165 -1
06166 -1
06167 4
06168 5
06169 10
06170 1
06171 9
06172 9
06173 -1
06174 -1
06175 -1
06176 -1
06177 -1
06178 5
06179 3
06180 -1
06181 8
06182 1
06183 -1
06184 -1
06185 2
06186 -1
06187 2
06188 -1
06189 1
06190 4
06191 -1
06192 1
06193 3
06194 -1
06195 1
06196 10
06197 6
06198 -1
06199 -1
06200 -1
06201 -1
06202 -1
06203 -1
06204 1
06205 6
06206 -1
06207 -1
06208 -1
06209 -1
06210 -1
06211 -1
06212 2
06213 -1
06214 1
06215 2
06216 2
06217 1
06218 -1
06219 8
06220 -1
06221 2
06222 3
06223 -1
06224 -1
06225 3
06226 10
06227 1
06228 6
06229 -1
06230 10
06231 7
06232 -1
06233 10
06234 -1
06235 -1
06236 5
06237 -1
06238 4
06239 -1
06240 8
06241 -1
06242 -1
06243 9
06244 -1
06245 -1
06246 2
06247 -1
06248 5
06249 -1
06250 1
06251 -1
06252 4
06253 -1
06254 -1
06255 1
06256 -1
06257 1
06258 -1
06259 -1
06260 -1
06261 5
06262 -1
06263 -1
06264 4
06265 -1
06266 4
06267 -1
06268 -1
06269 1
06270 2
06271 -1
06272 -1
06273 3
06274 7
06275 1
06276 -1
06277 -1
06278 6
06279 -1
06280 -1
06281 1
06282 3
06283 -1
06284 -1
06285 -1
06286 -1
06287 -1
06288 -1
06289 -1
06290 1
06291 1
06292 1
06293 7
06294 1
06295 -1
06296 -1
06297 8
06298 5
06299 8
06300 -1
06301 1
06302 -1
06303 -1
06304 1
06305 -1
06306 -1
06307 -1
06308 1
06309 1
06310 5
06311 -1
06312 1
06313 -1
06314 -1
06315 9
06316 -1
06317 -1
06318 7
06319 -1
06320 10
06321 1
06322 4
06323 -1
06324 -1
06325 -1
06326 -1
06327 -1
06328 -1
06329 9
06330 2
06331 -1
06332 9
06333 -1
06334 5
06335 -1
06336 2
06337 3
06338 -1
06339 2
06340 -1
06341 3
06342 8
06343 1
06344 -1
06345 -1
06346 10
06347 -1
06348 9
06349 2
06350 8
06351 -1
06352 -1
06353 1
06354 1
06355 -1
06356 -1
06357 -1
06358 4
06359 -1
06360 2
06361 -1
06362 3
06363 -1
06364 5
06365 2
06366 2
06367 -1
06368 10
06369 5
06370 6
06371 -1
06372 -1
06373 -1
06374 -1
06375 -1
06376 5
06377 -1
06378 -1
06379 -1
06380 -1
06381 3
06382 2
06383 1
06384 10
06385 3
06386 -1
06387 2
06388 8
06389 3
06390 -1
06391 -1
06392 -1
06393 -1
06394 1
06395 -1
06396 3
06397 -1
06398 -1
06399 1
06400 -1
06401 -1
06402 -1
06403 -1
06404 1
06405 -1
06406 10
06407 -1
06408 -1
06409 4
06410 -1
06411 -1
06412 9
06413 4
06414 1
06415 -1
06416 -1
06417 -1
06418 5
06419 -1
06420 -1
06421 8
06422 2
06423 -1
06424 -1
06425 9
06426 -1
06427 -1
06428 9
06429 -1
06430 -1
06431 9
06432 1
06433 5
06434 5
06435 1
06436 -1
06437 9
06438 -1
06439 -1
06440 2
06441 -1
06442 10
06443 -1
06444 -1
06445 -1
06446 -1
06447 3
06448 -1
06449 9
06450 7
06451 3
06452 -1
06453 8
06454 -1
06455 -1
06456 -1
06457 -1
06458 -1
06459 3
06460 -1
06461 -1
06462 6
06463 4
06464 3
06465 10
06466 -1
06467 -1
06468 -1
06469 9
06470 -1
06471 10
06472 -1
06473 1
06474 -1
06475 8
06476 -1
06477 1
06478 -1
06479 1
06480 -1
06481 1
06482 -1
06483 -1
06484 -1
06485 -1
06486 -1
06487 3
06488 -1
06489 4
06490 -1
06491 -1
06492 -1
06493 2
06494 1
06495 -1
06496 -1
06497 5
06498 3
06499 -1
06500 1
06501 -1
06502 -1
06503 1
06504 9
06505 -1
06506 6
06507 1
06508 -1
06509 10
06510 10
06511 -1
06512 -1
06513 5
06514 1
06515 9
06516 10
06517 -1
06518 -1
06519 7
06520 -1
06521 -1
06522 -1
06523 -1
06524 1
06525 1
06526 -1
06527 -1
06528 3
06529 -1
06530 -1
06531 -1
06532 6
06533 3
06534 -1
06535 3
06536 -1
06537 -1
06538 -1
06539 -1
06540 3
06541 -1
06542 -1
06543 -1
06544 1
06545 -1
06546 6
06547 2
06548 -1
06549 -1
06550 -1
06551 3
06552 1
06553 7
06554 1
06555 -1
06556 10
06557 -1
06558 -1
06559 6
06560 1
06561 -1
06562 -1
06563 3
06564 -1
06565 -1
06566 2
06567 1
06568 -1
06569 -1
06570 -1
06571 1
06572 5
06573 -1
06574 -1
06575 -1
06576 5
06577 -1
06578 -1
06579 1
06580 10
06581 3
06582 10
06583 -1
06584 1
06585 7
06586 5
06587 7
06588 -1
06589 -1
06590 -1
06591 3
06592 -1
06593 -1
06594 -1
06595 5
06596 -1
06597 3
06598 -1
06599 9
06600 -1
06601 -1
06602 -1
06603 5
06604 2
06605 4
06606 -1
06607 -1
06608 -1
06609 -1
06610 9
06611 -1
06612 9
06613 3
06614 2
06615 -1
06616 3
06617 -1
06618 -1
06619 9
06620 9
06621 -1
06622 5
06623 -1
06624 -1
06625 -1
06626 7
06627 -1
06628 1
06629 -1
06630 -1
06631 -1
06632 -1
06633 -1
06634 4
06635 3
06636 -1
06637 -1
06638 -1
06639 5
06640 -1
06641 -1
06642 1
06643 -1
06644 9
06645 -1
06646 -1
06647 -1
06648 1
06649 8
06650 10
06651 -1
06652 -1
06653 -1
06654 -1
06655 -1
06656 2
06657 -1
06658 -1
06659 -1
06660 -1
06661 -1
06662 -1
06663 1
06664 6
06665 3
06666 1
06667 -1
06668 -1
06669 10
06670 -1
06671 -1
06672 9
06673 -1
06674 -1
06675 -1
06676 -1
06677 1
06678 1
06679 -1
06680 9
06681 1
06682 -1
06683 3
06684 9
06685 -1
06686 9
06687 -1
06688 6
06689 -1
06690 1
06691 8
06692 -1
06693 -1
06694 2
06695 9
06696 9
06697 -1
06698 3
06699 8
06700 3
06701 -1
06702 1
06703 -1
06704 5
06705 -1
06706 -1
06707 -1
06708 -1
06709 -1
06710 -1
06711 -1
06712 5
06713 -1
06714 -1
06715 6
06716 1
06717 -1
06718 -1
06719 -1
06720 -1
06721 -1
06722 -1
06723 3
06724 4
06725 1
06726 2
06727 -1
06728 5
06729 1
06730 -1
06731 3
06732 1
06733 6
06734 -1
06735 4
06736 1
06737 1
06738 -1
06739 -1
06740 3
06741 4
06742 -1
06743 1
06744 5
06745 -1
06746 -1
06747 -1
06748 -1
06749 -1
06750 -1
06751 5
06752 -1
06753 8
06754 7
06755 -1
06756 -1
06757 4
06758 -1
06759 2
06760 -1
06761 -1
06762 4
06763 -1
06764 -1
06765 -1
06766 8
06767 6
06768 -1
06769 -1
06770 -1
06771 -1
06772 -1
06773 -1
06774 -1
06775 6
06776 -1
06777 1
06778 5
06779 1
06780 1
06781 -1
06782 -1
06783 -1
06784 9
06785 -1
06786 -1
06787 2
06788 5
06789 -1
06790 -1
06791 -1
06792 10
06793 -1
06794 1
06795 1
06796 3
06797 -1
06798 -1
06799 -1
06800 -1
06801 -1
06802 1
06803 1
06804 6
06805 7
06806 -1
06807 -1
06808 3
06809 9
06810 9
06811 -1
06812 3
06813 4
06814 10
06815 8
06816 -1
06817 -1
06818 -1
06819 5
06820 -1
06821 4
06822 -1
06823 -1
06824 -1
06825 8
06826 -1
06827 2
06828 -1
06829 6
06830 -1
06831 10
06832 3
06833 1
06834 6
06835 -1
06836 -1
06837 -1
06838 10
06839 4
06840 1
06841 -1
06842 3
06843 -1
06844 -1
06845 -1
06846 -1
06847 3
06848 -1
06849 1
06850 3
06851 7
06852 6
06853 4
06854 -1
06855 1
06856 1
06857 3
06858 6
06859 1
06860 3
06861 8
06862 -1
06863 -1
06864 8
06865 -1
06866 -1
06867 -1
06868 1
06869 -1
06870 -1
06871 -1
06872 6
06873 -1
06874 2
06875 -1
06876 2
06877 -1
06878 5
06879 -1
06880 2
06881 -1
06882 -1
06883 10
06884 -1
06885 10
06886 1
06887 -1
06888 10
06889 5
06890 -1
06891 5
06892 -1
06893 1
06894 -1
06895 -1
06896 -1
06897 10
06898 -1
06899 9
06900 -1
06901 3
06902 1
06903 4
06904 -1
06905 10
06906 1
06907 -1
06908 -1
06909 -1
06910 3
06911 9
06912 -1
06913 3
06914 -1
06915 -1
06916 3
06917 -1
06918 -1
06919 -1
06920 -1
06921 -1
06922 5
06923 -1
06924 -1
06925 -1
06926 -1
06927 2
06928 7
06929 -1
06930 9
06931 10
06932 -1
06933 3
06934 -1
06935 8
06936 3
06937 -1
06938 -1
06939 -1
06940 -1
06941 -1
06942 -1
06943 -1
06944 1
06945 -1
06946 -1
06947 -1
06948 2
06949 -1
06950 1
06951 -1
06952 -1
06953 -1
06954 5
06955 5
06956 3
06957 10
06958 2
06959 -1
06960 -1
06961 -1
06962 -1
06963 -1
06964 -1
06965 -1
06966 -1
06967 1
06968 -1
06969 7
06970 10
06971 -1
06972 -1
06973 8
06974 -1
06975 -1
06976 10
06977 3
06978 -1
06979 -1
06980 -1
06981 -1
06982 -1
06983 7
06984 -1
06985 -1
06986 -1
06987 -1
06988 2
06989 10
06990 -1
06991 5
06992 6
06993 5
06994 -1
06995 -1
06996 1
06997 -1
06998 -1
06999 -1
07000 -1
07001 2
07002 7
07003 1
07004 -1
07005 -1
07006 2
07007 -1
07008 -1
07009 9
07010 6
07011 -1
07012 -1
07013 3
07014 3
07015 -1
07016 2
07017 10
07018 -1
07019 -1
07020 -1
07021 -1
07022 -1
07023 4
07024 1
07025 1
07026 5
07027 -1
07028 1
07029 -1
07030 -1
07031 1
07032 -1
07033 -1
07034 2
07035 -1
07036 -1
07037 2
07038 -1
07039 -1
07040 -1
07041 3
07042 -1
07043 -1
07044 10
07045 -1
07046 7
07047 -1
07048 10
07049 -1
07050 1
07051 8
07052 9
07053 -1
07054 -1
07055 -1
07056 1
07057 -1
07058 10
07059 2
07060 8
07061 1
07062 -1
07063 -1
07064 -1
07065 2
07066 3
07067 7
07068 7
07069 5
07070 -1
07071 -1
07072 1
07073 9
07074 1
07075 6
07076 6
07077 9
07078 8
07079 -1
07080 -1
07081 1
07082 -1
07083 -1
07084 -1
07085 3
07086 1
07087 -1
07088 -1
07089 9
07090 -1
07091 10
07092 -1
07093 -1
07094 -1
07095 2
07096 5
07097 -1
07098 -1
07099 5
07100 -1
07101 -1
07102 7
07103 -1
07104 -1
07105 -1
07106 1
07107 2
07108 9
07109 -1
07110 4
07111 1
07112 1
07113 5
07114 -1
07115 -1
07116 -1
07117 -1
07118 -1
07119 -1
07120 -1
07121 -1
07122 2
07123 -1
07124 1
07125 -1
07126 -1
07127 9
07128 -1
07129 -1
07130 1
07131 -1
07132 5
07133 2
07134 -1
07135 -1
07136 -1
07137 5
07138 -1
07139 6
07140 7
07141 1
07142 10
07143 5
07144 -1
07145 1
07146 1
07147 1
07148 -1
07149 6
07150 6
07151 5
07152 -1
07153 -1
07154 -1
07155 -1
07156 -1
07157 -1
07158 1
07159 -1
07160 -1
07161 -1
07162 -1
07163 6
07164 3
07165 -1
07166 -1
07167 2
07168 8
07169 10
07170 -1
07171 -1
07172 3
07173 3
07174 -1
07175 -1
07176 1
07177 -1
07178 8
07179 -1
07180 1
07181 1
07182 9
07183 4
07184 6
07185 -1
07186 9
07187 1
07188 1
07189 -1
07190 -1
07191 5
07192 9
07193 10
07194 10
07195 9
07196 10
07197 4
07198 -1
07199 -1
07200 -1
07201 -1
07202 1
07203 -1
07204 -1
07205 -1
07206 2
07207 -1
07208 10
07209 1
07210 -1
07211 3
07212 7
07213 6
07214 -1
07215 -1
07216 10
07217 -1
07218 9
07219 6
07220 1
07221 1
07222 3
07223 1
07224 -1
07225 -1
07226 -1
07227 7
07228 3
07229 -1
07230 -1
07231 7
07232 2
07233 -1
07234 1
07235 2
07236 -1
07237 -1
07238 -1
07239 -1
07240 -1
07241 -1
07242 -1
07243 10
07244 1
07245 5
07246 7
07247 5
07248 10
07249 -1
07250 -1
07251 -1
07252 4
07253 -1
07254 9
07255 -1
07256 -1
07257 -1
07258 -1
07259 1
07260 -1
07261 -1
07262 6
07263 8
07264 -1
07265 1
07266 -1
07267 6
07268 3
07269 -1
07270 2
07271 -1
07272 5
07273 -1
07274 6
07275 -1
07276 -1
07277 -1
07278 -1
07279 -1
07280 3
07281 -1
07282 5
07283 1
07284 1
07285 1
07286 -1
07287 -1
07288 2
07289 -1
07290 -1
07291 -1
07292 -1
07293 -1
07294 -1
07295 -1
07296 3
07297 4
07298 6
07299 -1
07300 10
07301 -1
07302 2
07303 1
07304 -1
07305 9
07306 -1
07307 -1
07308 5
07309 -1
07310 -1
07311 3
07312 -1
07313 10
07314 10
07315 -1
07316 4
07317 3
07318 -1
07319 1
07320 -1
07321 -1
07322 10
07323 1
07324 1
07325 2
07326 -1
07327 -1
07328 -1
07329 -1
07330 5
07331 -1
07332 10
07333 -1
07334 2
07335 9
07336 -1
07337 -1
07338 3
07339 -1
07340 -1
07341 -1
07342 -1
07343 -1
07344 2
07345 3
07346 -1
07347 -1
07348 4
07349 -1
07350 1
07351 9
07352 -1
07353 -1
07354 -1
07355 -1
07356 4
07357 10
07358 -1
07359 -1
07360 -1
07361 -1
07362 -1
07363 -1
07364 -1
07365 9
07366 2
07367 -1
07368 -1
07369 4
07370 7
07371 2
07372 3
07373 9
07374 -1
07375 -1
07376 -1
07377 4
07378 1
07379 8
07380 10
07381 -1
07382 5
07383 -1
07384 -1
07385 10
07386 7
07387 -1
07388 -1
07389 1
07390 -1
07391 -1
07392 -1
07393 4
07394 8
07395 -1
07396 7
07397 -1
07398 6
07399 10
07400 -1
07401 1
07402 4
07403 3
07404 -1
07405 5
07406 6
07407 3
07408 -1
07409 -1
07410 10
07411 -1
07412 9
07413 1
07414 -1
07415 1
07416 7
07417 1
07418 1
07419 -1
07420 6
07421 1
07422 -1
07423 5
07424 6
07425 1
07426 -1
07427 -1
07428 1
07429 -1
07430 -1
07431 -1
07432 1
07433 6
07434 9
07435 -1
07436 5
07437 -1
07438 5
07439 1
07440 -1
07441 -1
07442 1
07443 8
07444 2
07445 -1
07446 6
07447 1
07448 -1
07449 -1
07450 6
07451 -1
07452 -1
07453 -1
07454 -1
07455 -1
07456 2
07457 3
07458 2
07459 -1
07460 -1
07461 7
07462 -1
07463 -1
07464 -1
07465 2
07466 -1
07467 -1
07468 1
07469 -1
07470 5
07471 3
07472 -1
07473 -1
07474 -1
07475 -1
07476 -1
07477 -1
07478 5
07479 -1
07480 1
07481 -1
07482 -1
07483 -1
07484 3
07485 -1
07486 -1
07487 6
07488 1
07489 3
07490 -1
07491 -1
07492 9
07493 1
07494 7
07495 -1
07496 -1
07497 -1
07498 5
07499 1
07500 9
07501 1
07502 -1
07503 1
07504 -1
07505 -1
07506 -1
07507 3
07508 1
07509 4
07510 2
07511 -1
07512 -1
07513 8
07514 9
07515 3
07516 1
07517 9
07518 3
07519 -1
07520 -1
07521 -1
07522 2
07523 5
07524 -1
07525 -1
07526 4
07527 -1
07528 4
07529 6
07530 7
07531 -1
07532 7
07533 -1
07534 -1
07535 -1
07536 5
07537 1
07538 -1
07539 4
07540 5
07541 -1
07542 2
07543 -1
07544 3
07545 -1
07546 -1
07547 -1
07548 9
07549 3
07550 8
07551 -1
07552 -1
07553 1
07554 1
07555 -1
07556 9
07557 5
07558 8
07559 -1
07560 -1
07561 -1
07562 -1
07563 -1
07564 -1
07565 -1
07566 -1
07567 -1
07568 -1
07569 1
07570 2
07571 -1
07572 -1
07573 1
07574 -1
07575 -1
07576 -1
07577 -1
07578 2
07579 -1
07580 -1
07581 -1
07582 -1
07583 1
07584 5
07585 9
07586 -1
07587 -1
07588 7
07589 10
07590 -1
07591 5
07592 5
07593 -1
07594 -1
07595 -1
07596 -1
07597 8
07598 -1
07599 -1
07600 -1
07601 3
07602 -1
07603 2
07604 8
07605 -1
07606 9
07607 1
07608 6
07609 -1
07610 -1
07611 -1
07612 -1
07613 -1
07614 1
07615 1
07616 2
07617 -1
07618 9
07619 -1
07620 -1
07621 -1
07622 5
07623 1
07624 -1
07625 -1
07626 -1
07627 -1
07628 -1
07629 -1
07630 -1
07631 -1
07632 3
07633 3
07634 -1
07635 1
07636 -1
07637 10
07638 -1
07639 1
07640 -1
07641 3
07642 -1
07643 -1
07644 5
07645 -1
07646 2
07647 1
07648 4
07649 -1
07650 -1
07651 4
07652 -1
07653 -1
07654 9
07655 -1
07656 -1
07657 -1
07658 3
07659 3
07660 4
07661 -1
07662 -1
07663 10
07664 3
07665 3
07666 -1
07667 -1
07668 -1
07669 -1
07670 -1
07671 -1
07672 7
07673 10
07674 10
07675 -1
07676 7
07677 1
07678 -1
07679 2
07680 -1
07681 1
07682 -1
07683 2
07684 -1
07685 1
07686 -1
07687 1
07688 -1
07689 -1
07690 2
07691 -1
07692 9
07693 -1
07694 1
07695 -1
07696 -1
07697 -1
07698 -1
07699 -1
07700 -1
07701 9
07702 8
07703 4
07704 9
07705 -1
07706 -1
07707 -1
07708 3
07709 -1
07710 -1
07711 9
07712 -1
07713 -1
07714 -1
07715 5
07716 10
07717 -1
07718 7
07719 5
07720 4
07721 6
07722 -1
07723 -1
07724 -1
07725 -1
07726 -1
07727 -1
07728 3
07729 10
07730 6
07731 -1
07732 -1
07733 1
07734 6
07735 -1
07736 -1
07737 -1
07738 -1
07739 6
07740 -1
07741 -1
07742 -1
07743 1
07744 -1
07745 -1
07746 8
07747 -1
07748 -1
07749 2
07750 3
07751 -1
07752 1
07753 -1
07754 1
07755 3
07756 -1
07757 9
07758 -1
07759 -1
07760 -1
07761 -1
07762 -1
07763 -1
07764 -1
07765 -1
07766 -1
07767 -1
07768 -1
07769 -1
07770 -1
07771 4
07772 10
07773 -1
07774 -1
07775 1
07776 -1
07777 10
07778 1
07779 2
07780 -1
07781 -1
07782 9
07783 7
07784 -1
07785 -1
07786 -1
07787 8
07788 -1
07789 -1
07790 -1
07791 6
07792 -1
07793 -1
07794 1
07795 6
07796 3
07797 -1
07798 -1
07799 -1
07800 2
07801 -1
07802 -1
07803 -1
07804 -1
07805 3
07806 -1
07807 -1
07808 -1
07809 1
07810 -1
07811 -1
07812 -1
07813 6
07814 -1
07815 10
07816 5
07817 -1
07818 -1
07819 9
07820 -1
07821 -1
07822 9
07823 1
07824 -1
07825 4
07826 -1
07827 -1
07828 3
07829 -1
07830 -1
07831 3
07832 -1
07833 -1
07834 2
07835 -1
07836 6
07837 -1
07838 -1
07839 -1
07840 9
07841 -1
07842 2
07843 -1
07844 -1
07845 10
07846 9
07847 9
07848 -1
07849 10
07850 -1
07851 -1
07852 6
07853 -1
07854 8
07855 -1
07856 -1
07857 -1
07858 1
07859 -1
07860 -1
07861 -1
07862 -1
07863 7
07864 -1
07865 -1
07866 4
07867 -1
07868 -1
07869 7
07870 -1
07871 -1
07872 -1
07873 -1
07874 2
07875 10
07876 1
07877 3
07878 8
07879 3
07880 -1
07881 1
07882 -1
07883 -1
07884 -1
07885 10
07886 -1
07887 -1
07888 -1
07889 -1
07890 -1
07891 -1
07892 -1
07893 2
07894 1
07895 -1
07896 9
07897 -1
07898 1
07899 10
07900 -1
07901 -1
07902 -1
07903 -1
07904 -1
07905 -1
07906 -1
07907 1
07908 -1
07909 9
07910 -1
07911 -1
07912 3
07913 1
07914 -1
07915 3
07916 4
07917 -1
07918 9
07919 -1
07920 9
07921 -1
07922 -1
07923 -1
07924 1
07925 7
07926 -1
07927 5
07928 -1
07929 2
07930 -1
07931 -1
07932 6
07933 3
07934 9
07935 -1
07936 -1
07937 3
07938 4
07939 -1
07940 -1
07941 -1
07942 10
07943 10
07944 5
07945 1
07946 8
07947 -1
07948 -1
07949 -1
07950 -1
07951 6
07952 -1
07953 1
07954 6
07955 7
07956 1
07957 3
07958 1
07959 -1
07960 -1
07961 1
07962 2
07963 1
07964 6
07965 -1
07966 -1
07967 -1
07968 -1
07969 1
07970 -1
07971 6
07972 -1
07973 -1
07974 6
07975 -1
07976 1
07977 9
07978 -1
07979 1
07980 5
07981 -1
07982 -1
07983 -1
07984 -1
07985 2
07986 -1
07987 6
07988 -1
07989 3
07990 10
07991 -1
07992 -1
07993 10
07994 4
07995 7
07996 4
07997 1
07998 -1
07999 10
08000 -1
08001 -1
08002 5
08003 3
08004 -1
08005 2
08006 -1
08007 4
08008 8
08009 -1
08010 2
08011 -1
08012 2
08013 -1
08014 5
08015 8
08016 1
08017 -1
08018 10
08019 3
08020 8
08021 3
08022 10
08023 1
08024 2
08025 -1
08026 8
08027 -1
08028 -1
08029 8
08030 -1
08031 -1
08032 3
08033 -1
08034 -1
08035 -1
08036 -1
08037 5
08038 -1
08039 1
08040 2
08041 -1
08042 1
08043 9
08044 -1
08045 2
08046 -1
08047 -1
08048 -1
08049 -1
08050 -1
08051 -1
08052 2
08053 -1
08054 -1
08055 -1
08056 -1
08057 -1
08058 -1
08059 9
08060 9
08061 2
08062 4
08063 7
08064 3
08065 -1
08066 -1
08067 -1
08068 3
08069 7
08070 -1
08071 2
08072 9
08073 -1
08074 -1
08075 9
08076 8
08077 -1
08078 10
08079 8
08080 -1
08081 -1
08082 10
08083 1
08084 -1
08085 -1
08086 -1
08087 7
08088 -1
08089 10
08090 -1
08091 -1
08092 3
08093 7
08094 3
08095 8
08096 -1
08097 -1
08098 -1
08099 -1
08100 3
08101 -1
08102 -1
08103 6
08104 5
08105 7
08106 9
08107 -1
08108 9
08109 -1
08110 10
08111 -1
08112 -1
08113 1
08114 -1
08115 2
08116 2
08117 -1
08118 -1
08119 -1
08120 -1
08121 9
08122 -1
08123 -1
08124 -1
08125 6
08126 -1
08127 9
08128 8
08129 -1
08130 -1
08131 7
08132 5
08133 4
08134 -1
08135 1
08136 5
08137 -1
08138 1
08139 6
08140 1
08141 -1
08142 3
08143 4
08144 -1
08145 1
08146 3
08147 -1
08148 8
08149 4
08150 -1
08151 1
08152 -1
08153 -1
08154 -1
08155 -1
08156 2
08157 3
08158 -1
08159 -1
08160 -1
08161 7
08162 -1
08163 10
08164 -1
08165 3
08166 1
08167 -1
08168 -1
08169 -1
08170 -1
08171 -1
08172 -1
08173 5
08174 -1
08175 -1
08176 -1
08177 1
08178 -1
08179 -1
08180 2
08181 -1
08182 -1
08183 2
08184 2
08185 2
08186 -1
08187 -1
08188 -1
08189 -1
08190 -1
08191 -1
08192 -1
08193 -1
08194 -1
08195 10
08196 -1
08197 5
08198 -1
08199 3
08200 -1
08201 1
08202 -1
08203 10
08204 -1
08205 -1
08206 -1
08207 -1
08208 9
08209 5
08210 -1
08211 -1
08212 -1
08213 -1
08214 6
08215 4
08216 3
08217 -1
08218 -1
08219 -1
08220 -1
08221 9
08222 -1
08223 4
08224 -1
08225 2
08226 1
08227 10
08228 -1
08229 5
08230 -1
08231 -1
08232 2
08233 8
08234 10
08235 -1
08236 -1
08237 -1
08238 -1
08239 -1
08240 -1
08241 -1
08242 -1
08243 -1
08244 -1
08245 -1
08246 6
08247 3
08248 8
08249 -1
08250 -1
08251 -1
08252 -1
08253 -1
08254 6
08255 1
08256 -1
08257 -1
08258 -1
08259 -1
08260 -1
08261 -1
08262 -1
08263 -1
08264 -1
08265 -1
08266 -1
08267 -1
08268 -1
08269 -1
08270 1
08271 -1
08272 -1
08273 5
08274 -1
08275 -1
08276 -1
08277 -1
08278 1
08279 -1
08280 5
08281 -1
08282 -1
08283 -1
08284 -1
08285 3
08286 -1
08287 8
08288 -1
08289 -1
08290 -1
08291 6
08292 3
08293 5
08294 -1
08295 -1
08296 -1
08297 -1
08298 5
08299 5
08300 -1
08301 9
08302 -1
08303 -1
08304 2
08305 -1
08306 -1
08307 -1
08308 8
08309 -1
08310 3
08311 5
08312 -1
08313 1
08314 1
08315 8
08316 -1
08317 5
08318 9
08319 4
08320 -1
08321 5
08322 5
08323 -1
08324 -1
08325 -1
08326 7
08327 -1
08328 -1
08329 -1
08330 -1
08331 -1
08332 7
08333 4
08334 -1
08335 9
08336 1
08337 -1
08338 -1
08339 -1
08340 10
08341 -1
08342 -1
08343 -1
08344 10
08345 -1
08346 -1
08347 -1
08348 -1
08349 -1
08350 -1
08351 4
08352 1
08353 -1
08354 1
08355 -1
08356 -1
08357 -1
08358 -1
08359 3
08360 -1
08361 -1
08362 -1
08363 -1
08364 -1
08365 1
08366 -1
08367 3
08368 -1
08369 -1
08370 -1
08371 7
08372 -1
08373 -1
08374 -1
08375 -1
08376 -1
08377 -1
08378 -1
08379 2
08380 6
08381 -1
08382 -1
08383 -1
08384 -1
08385 -1
08386 -1
08387 -1
08388 10
08389 3
08390 -1
08391 2
08392 -1
08393 -1
08394 -1
08395 6
08396 9
08397 -1
08398 -1
08399 6
08400 -1
08401 9
08402 5
08403 5
08404 -1
08405 4
08406 -1
08407 1
08408 -1
08409 -1
08410 1
08411 -1
08412 -1
08413 -1
08414 -1
08415 -1
08416 -1
08417 -1
08418 -1
08419 -1
08420 -1
08421 -1
08422 -1
08423 -1
08424 -1
08425 2
08426 1
08427 -1
08428 5
08429 -1
08430 -1
08431 2
08432 -1
08433 3
08434 -1
08435 -1
08436 3
08437 9
08438 -1
08439 -1
08440 10
08441 3
08442 -1
08443 -1
08444 -1
08445 3
08446 -1
08447 1
08448 9
08449 -1
08450 3
08451 4
08452 -1
08453 8
08454 -1
08455 1
08456 -1
08457 -1
08458 -1
08459 1
08460 1
08461 -1
08462 10
08463 -1
08464 10
08465 -1
08466 -1
08467 -1
08468 4
08469 -1
08470 -1
08471 1
08472 3
08473 3
08474 1
08475 -1
08476 -1
08477 9
08478 -1
08479 1
08480 -1
08481 -1
08482 -1
08483 -1
08484 6
08485 1
08486 2
08487 1
08488 1
08489 -1
08490 -1
08491 1
08492 4
08493 3
08494 1
08495 3
08496 -1
08497 1
08498 -1
08499 1
08500 -1
08501 -1
08502 -1
08503 -1
08504 10
08505 2
08506 -1
08507 -1
08508 1
08509 9
08510 -1
08511 -1
08512 10
08513 8
08514 5
08515 -1
08516 9
08517 -1
08518 -1
08519 -1
08520 1
08521 -1
08522 -1
08523 5
08524 1
08525 1
08526 -1
08527 10
08528 3
08529 -1
08530 -1
08531 4
08532 -1
08533 7
08534 -1
08535 3
08536 -1
08537 -1
08538 -1
08539 10
08540 -1
08541 -1
08542 -1
08543 -1
08544 -1
08545 9
08546 -1
08547 -1
08548 1
08549 4
08550 -1
08551 1
08552 -1
08553 -1
08554 -1
08555 1
08556 7
08557 -1
08558 -1
08559 -1
08560 -1
08561 -1
08562 -1
08563 3
08564 4
08565 1
08566 6
08567 10
08568 -1
08569 -1
08570 6
08571 -1
08572 -1
08573 7
08574 -1
08575 9
08576 -1
08577 -1
08578 -1
08579 -1
08580 6
08581 -1
08582 -1
08583 4
08584 -1
08585 -1
08586 -1
08587 10
08588 -1
08589 -1
08590 3
08591 5
08592 -1
08593 9
08594 -1
08595 -1
08596 -1
08597 2
08598 2
08599 6
08600 -1
08601 -1
08602 -1
08603 1
08604 6
08605 -1
08606 -1
08607 -1
08608 -1
08609 4
08610 5
08611 1
08612 5
08613 -1
08614 -1
08615 2
08616 -1
08617 9
08618 -1
08619 7
08620 -1
08621 -1
08622 -1
08623 5
08624 -1
08625 -1
08626 -1
08627 -1
08628 -1
08629 -1
08630 3
08631 10
08632 -1
08633 -1
08634 -1
08635 -1
08636 -1
08637 -1
08638 -1
08639 7
08640 -1
08641 -1
08642 -1
08643 7
08644 1
08645 3
08646 -1
08647 3
08648 -1
08649 1
08650 9
08651 -1
08652 5
08653 -1
08654 -1
08655 -1
08656 -1
08657 -1
08658 7
08659 1
08660 8
08661 7
08662 -1
08663 5
08664 5
08665 -1
08666 4
08667 3
08668 -1
08669 -1
08670 3
08671 -1
08672 -1
08673 8
08674 -1
08675 -1
08676 1
08677 7
08678 -1
08679 10
08680 10
08681 9
08682 -1
08683 -1
08684 2
08685 1
08686 -1
08687 -1
08688 -1
08689 -1
08690 2
08691 -1
08692 8
08693 -1
08694 -1
08695 -1
08696 -1
08697 3
08698 -1
08699 -1
08700 -1
08701 -1
08702 -1
08703 -1
08704 -1
08705 2
08706 -1
08707 -1
08708 1
08709 -1
08710 5
08711 5
08712 5
08713 -1
08714 4
08715 1
08716 4
08717 -1
08718 -1
08719 -1
08720 1
08721 1
08722 3
08723 5
08724 1
08725 1
08726 -1
08727 5
08728 3
08729 -1
08730 -1
08731 -1
08732 3
08733 10
08734 -1
08735 9
08736 9
08737 -1
08738 3
08739 6
08740 4
08741 -1
08742 1
08743 3
08744 3
08745 3
08746 -1
08747 -1
08748 8
08749 3
08750 8
08751 1
08752 -1
08753 -1
08754 3
08755 -1
08756 -1
08757 1
08758 -1
08759 8
08760 10
08761 -1
08762 -1
08763 6
08764 -1
08765 -1
08766 -1
08767 -1
08768 -1
08769 1
08770 -1
08771 -1
08772 -1
08773 1
08774 1
08775 -1
08776 1
08777 -1
08778 -1
08779 -1
08780 -1
08781 1
08782 -1
08783 -1
08784 6
08785 -1
08786 -1
08787 4
08788 5
08789 -1
08790 1
08791 2
08792 -1
08793 -1
08794 -1
08795 1
08796 2
08797 1
08798 -1
08799 -1
08800 5
08801 -1
08802 10
08803 1
08804 -1
08805 10
08806 -1
08807 -1
08808 1
08809 -1
08810 -1
08811 9
08812 3
08813 -1
08814 -1
08815 9
08816 2
08817 5
08818 -1
08819 -1
08820 -1
08821 -1
08822 1
08823 -1
08824 6
08825 2
08826 2
08827 -1
08828 -1
08829 10
08830 -1
08831 -1
08832 -1
08833 -1
08834 3
08835 2
08836 -1
08837 2
08838 1
08839 -1
08840 1
08841 5
08842 6
08843 -1
08844 -1
08845 -1
08846 3
08847 -1
08848 -1
08849 4
08850 -1
08851 -1
08852 3
08853 1
08854 4
08855 -1
08856 -1
08857 5
08858 -1
08859 6
08860 -1
08861 -1
08862 -1
08863 5
08864 -1
08865 -1
08866 -1
08867 -1
08868 -1
08869 1
08870 -1
08871 -1
08872 10
08873 -1
08874 9
08875 -1
08876 1
08877 5
08878 -1
08879 1
08880 -1
08881 -1
08882 -1
08883 4
08884 -1
08885 -1
08886 -1
08887 -1
08888 3
08889 -1
08890 -1
08891 -1
08892 2
08893 7
08894 -1
08895 -1
08896 2
08897 9
08898 -1
08899 -1
08900 -1
08901 1
08902 -1
08903 -1
08904 -1
08905 2
08906 1
08907 -1
08908 -1
08909 -1
08910 -1
08911 -1
08912 -1
08913 -1
08914 9
08915 -1
08916 -1
08917 8
08918 7
08919 5
08920 3
08921 1
08922 8
08923 7
08924 1
08925 -1
08926 -1
08927 -1
08928 -1
08929 -1
08930 -1
08931 1
08932 -1
08933 -1
08934 -1
08935 2
08936 3
08937 1
08938 6
08939 4
08940 3
08941 3
08942 -1
08943 10
08944 9
08945 -1
08946 -1
08947 8
08948 9
08949 -1
08950 1
08951 -1
08952 -1
08953 -1
08954 9
08955 -1
08956 1
08957 6
08958 5
08959 -1
08960 -1
08961 -1
08962 -1
08963 10
08964 -1
08965 -1
08966 -1
08967 -1
08968 5
08969 -1
08970 6
08971 1
08972 -1
08973 -1
08974 8
08975 3
08976 9
08977 2
08978 -1
08979 -1
08980 -1
08981 -1
08982 -1
08983 -1
08984 7
08985 -1
08986 10
08987 -1
08988 8
08989 1
08990 3
08991 -1
08992 8
08993 -1
08994 -1
08995 -1
08996 -1
08997 -1
08998 -1
08999 4
09000 6
09001 10
09002 -1
09003 8
09004 4
09005 3
09006 4
09007 4
09008 10
09009 3
09010 -1
09011 -1
09012 -1
09013 1
09014 5
09015 10
09016 -1
09017 2
09018 -1
09019 2
09020 3
09021 7
09022 -1
09023 1
09024 -1
09025 10
09026 -1
09027 6
09028 -1
09029 -1
09030 -1
09031 -1
09032 10
09033 6
09034 -1
09035 -1
09036 2
09037 -1
09038 -1
09039 -1
09040 -1
09041 2
09042 -1
09043 -1
09044 3
09045 -1
09046 8
09047 -1
09048 -1
09049 -1
09050 1
09051 5
09052 9
09053 6
09054 -1
09055 2
09056 -1
09057 9
09058 -1
09059 -1
09060 -1
09061 -1
09062 -1
09063 -1
09064 7
09065 6
09066 9
09067 -1
09068 -1
09069 -1
09070 -1
09071 -1
09072 -1
09073 -1
09074 5
09075 -1
09076 -1
09077 -1
09078 2
09079 1
09080 10
09081 -1
09082 -1
09083 2
09084 2
09085 -1
09086 -1
09087 1
09088 -1
09089 -1
09090 -1
09091 9
09092 -1
09093 -1
09094 -1
09095 5
09096 1
09097 -1
09098 -1
09099 1
09100 6
09101 -1
09102 -1
09103 10
09104 -1
09105 -1
09106 2
09107 -1
09108 -1
09109 -1
09110 -1
09111 5
09112 -1
09113 5
09114 4
09115 -1
09116 1
09117 1
09118 -1
09119 -1
09120 -1
09121 -1
09122 -1
09123 2
09124 3
09125 9
09126 -1
09127 -1
09128 9
09129 -1
09130 -1
09131 -1
09132 9
09133 -1
09134 -1
09135 -1
09136 1
09137 -1
09138 7
09139 8
09140 -1
09141 -1
09142 1
09143 10
09144 -1
09145 1
09146 -1
09147 -1
09148 -1
09149 9
09150 -1
09151 -1
09152 -1
09153 6
09154 3
09155 -1
09156 -1
09157 -1
09158 -1
09159 6
09160 -1
09161 -1
09162 1
09163 -1
09164 4
09165 -1
09166 -1
09167 -1
09168 -1
09169 1
09170 -1
09171 5
09172 4
09173 5
09174 7
09175 -1
09176 1
09177 -1
09178 1
09179 1
09180 -1
09181 9
09182 -1
09183 -1
09184 4
09185 2
09186 -1
09187 -1
09188 -1
09189 -1
09190 -1
09191 1
09192 1
09193 -1
09194 -1
09195 3
09196 -1
09197 -1
09198 -1
09199 -1
09200 10
09201 -1
09202 2
09203 -1
09204 3
09205 -1
09206 5
09207 2
09208 -1
09209 1
09210 10
09211 8
09212 -1
09213 -1
09214 -1
09215 4
09216 -1
09217 -1
09218 6
09219 -1
09220 3
09221 -1
09222 -1
09223 4
09224 3
09225 -1
09226 -1
09227 -1
09228 -1
09229 -1
09230 -1
09231 -1
09232 -1
09233 6
09234 3
09235 1
09236 10
09237 -1
09238 -1
09239 -1
09240 1
09241 -1
09242 -1
09243 10
09244 -1
09245 1
09246 -1
09247 3
09248 1
09249 2
09250 -1
09251 10
09252 4
09253 -1
09254 -1
09255 1
09256 8
09257 -1
09258 -1
09259 6
09260 -1
09261 8
09262 -1
09263 4
09264 -1
09265 -1
09266 9
09267 -1
09268 -1
09269 3
09270 1
09271 2
09272 3
09273 8
09274 2
09275 -1
09276 -1
09277 -1
09278 -1
09279 -1
09280 3
09281 -1
09282 9
09283 -1
09284 -1
09285 -1
09286 -1
09287 -1
09288 -1
09289 -1
09290 -1
09291 -1
09292 9
09293 -1
09294 9
09295 -1
09296 -1
09297 -1
09298 5
09299 -1
09300 -1
09301 4
09302 -1
09303 -1
09304 -1
09305 -1
09306 9
09307 -1
09308 4
09309 -1
09310 -1
09311 -1
09312 1
09313 8
09314 10
09315 -1
09316 -1
09317 -1
09318 3
09319 -1
09320 -1
09321 5
09322 1
09323 -1
09324 -1
09325 -1
09326 2
09327 4
09328 -1
09329 -1
09330 1
09331 -1
09332 -1
09333 -1
09334 -1
09335 8
09336 -1
09337 -1
09338 -1
09339 -1
09340 1
09341 9
09342 -1
09343 1
09344 -1
09345 10
09346 7
09347 -1
09348 -1
09349 8
09350 1
09351 -1
09352 2
09353 -1
09354 3
09355 3
09356 1
09357 -1
09358 -1
09359 1
09360 2
09361 3
09362 10
09363 -1
09364 -1
09365 -1
09366 6
09367 9
09368 -1
09369 -1
09370 6
09371 5
09372 -1
09373 1
09374 -1
09375 -1
09376 8
09377 8
09378 2
09379 -1
09380 1
09381 6
09382 -1
09383 -1
09384 1
09385 -1
09386 1
09387 -1
09388 10
09389 4
09390 -1
09391 9
09392 8
09393 -1
09394 -1
09395 6
09396 1
09397 1
09398 -1
09399 4
09400 -1
09401 -1
09402 -1
09403 -1
09404 1
09405 -1
09406 10
09407 5
09408 1
09409 -1
09410 5
09411 5
09412 9
09413 -1
09414 3
09415 -1
09416 1
09417 -1
09418 5
09419 -1
09420 -1
09421 -1
09422 -1
09423 -1
09424 -1
09425 10
09426 9
09427 -1
09428 -1
09429 -1
09430 -1
09431 3
09432 10
09433 -1
09434 -1
09435 10
09436 4
09437 -1
09438 5
09439 -1
09440 -1
09441 -1
09442 -1
09443 -1
09444 -1
09445 -1
09446 -1
09447 -1
09448 -1
09449 -1
09450 9
09451 -1
09452 6
09453 3
09454 -1
09455 -1
09456 1
09457 -1
09458 1
09459 3
09460 -1
09461 10
09462 2
09463 -1
09464 -1
09465 4
09466 4
09467 -1
09468 9
09469 1
09470 -1
09471 -1
09472 6
09473 -1
09474 1
09475 -1
09476 -1
09477 1
09478 -1
09479 -1
09480 7
09481 -1
09482 -1
09483 -1
09484 6
09485 3
09486 1
09487 1
09488 9
09489 3
09490 5
09491 -1
09492 1
09493 -1
09494 4
09495 -1
09496 -1
09497 -1
09498 -1
09499 -1
09500 6
09501 -1
09502 -1
09503 1
09504 -1
09505 -1
09506 1
09507 1
09508 -1
09509 -1
09510 -1
09511 9
09512 1
09513 -1
09514 5
09515 -1
09516 -1
09517 -1
09518 -1
09519 1
09520 5
09521 -1
09522 9
09523 -1
09524 -1
09525 -1
09526 2
09527 6
09528 2
09529 -1
09530 -1
09531 -1
09532 1
09533 -1
09534 -1
09535 -1
09536 3
09537 5
09538 -1
09539 5
09540 -1
09541 -1
09542 9
09543 -1
09544 5
09545 -1
09546 4
09547 1
09548 -1
09549 2
09550 -1
09551 1
09552 5
09553 8
09554 3
09555 10
09556 9
09557 -1
09558 6
09559 -1
09560 2
09561 1
09562 -1
09563 -1
09564 -1
09565 -1
09566 -1
09567 9
09568 3
09569 -1
09570 -1
09571 1
09572 -1
09573 -1
09574 9
09575 -1
09576 -1
09577 -1
09578 -1
09579 -1
09580 -1
09581 -1
09582 -1
09583 -1
09584 1
09585 -1
09586 -1
09587 -1
09588 9
09589 -1
09590 1
09591 -1
09592 -1
09593 10
09594 3
09595 -1
09596 -1
09597 -1
09598 -1
09599 5
09600 3
09601 1
09602 -1
09603 -1
09604 8
09605 4
09606 -1
09607 -1
09608 -1
09609 4
09610 -1
09611 3
09612 -1
09613 -1
09614 6
09615 1
09616 -1
09617 -1
09618 -1
09619 -1
09620 10
09621 -1
09622 3
09623 1
09624 10
09625 -1
09626 -1
09627 -1
09628 -1
09629 -1
09630 1
09631 -1
09632 1
09633 -1
09634 3
09635 8
09636 5
09637 3
09638 1
09639 3
09640 -1
09641 -1
09642 -1
09643 -1
09644 1
09645 10
09646 4
09647 9
09648 1
09649 -1
09650 -1
09651 1
09652 -1
09653 -1
09654 -1
09655 -1
09656 -1
09657 10
09658 -1
09659 1
09660 6
09661 -1
09662 -1
09663 10
09664 1
09665 -1
09666 -1
09667 5
09668 3
09669 5
09670 10
09671 1
09672 1
09673 -1
09674 5
09675 -1
09676 -1
09677 -1
09678 10
09679 9
09680 -1
09681 -1
09682 7
09683 6
09684 -1
09685 8
09686 -1
09687 4
09688 -1
09689 7
09690 6
09691 -1
09692 10
09693 7
09694 10
09695 -1
09696 3
09697 -1
09698 1
09699 5
09700 6
09701 1
09702 -1
09703 8
09704 -1
09705 9
09706 1
09707 -1
09708 10
09709 5
09710 -1
09711 -1
09712 -1
09713 -1
09714 3
09715 -1
09716 3
09717 -1
09718 -1
09719 5
09720 1
09721 -1
09722 9
09723 5
09724 -1
09725 2
09726 -1
09727 5
09728 -1
09729 1
09730 9
09731 4
09732 -1
09733 -1
09734 1
09735 2
09736 3
09737 -1
09738 10
09739 -1
09740 10
09741 -1
09742 -1
09743 -1
09744 -1
09745 10
09746 2
09747 -1
09748 9
09749 -1
09750 3
09751 2
09752 -1
09753 3
09754 10
09755 5
09756 3
09757 -1
09758 -1
09759 1
09760 7
09761 -1
09762 -1
09763 9
09764 -1
09765 2
09766 -1
09767 -1
09768 -1
09769 -1
09770 -1
09771 -1
09772 -1
09773 9
09774 10
09775 -1
09776 -1
09777 8
09778 -1
09779 1
09780 -1
09781 -1
09782 -1
09783 -1
09784 6
09785 -1
09786 1
09787 -1
09788 2
09789 -1
09790 -1
09791 3
09792 3
09793 -1
09794 -1
09795 -1
09796 -1
09797 -1
09798 -1
09799 -1
09800 -1
09801 3
09802 -1
09803 1
09804 -1
09805 5
09806 8
09807 -1
09808 3
09809 5
09810 -1
09811 2
09812 -1
09813 -1
09814 -1
09815 10
09816 2
09817 -1
09818 6
09819 6
09820 -1
09821 -1
09822 -1
09823 4
09824 4
09825 6
09826 -1
09827 -1
09828 3
09829 -1
09830 2
09831 -1
09832 -1
09833 -1
09834 -1
09835 -1
09836 5
09837 5
09838 2
09839 -1
09840 -1
09841 -1
09842 -1
09843 1
09844 -1
09845 6
09846 -1
09847 3
09848 -1
09849 5
09850 -1
09851 10
09852 2
09853 10
09854 -1
09855 -1
09856 -1
09857 -1
09858 10
09859 -1
09860 -1
09861 9
09862 10
09863 5
09864 -1
09865 5
09866 -1
09867 1
09868 -1
09869 -1
09870 5
09871 -1
09872 1
09873 3
09874 -1
09875 -1
09876 8
09877 2
09878 -1
09879 -1
09880 5
09881 1
09882 8
09883 -1
09884 -1
09885 1
09886 -1
09887 -1
09888 -1
09889 -1
09890 -1
09891 -1
09892 -1
09893 2
09894 -1
09895 -1
09896 3
09897 2
09898 -1
09899 3
09900 -1
09901 1
09902 1
09903 1
09904 -1
09905 -1
09906 -1
09907 2
09908 2
09909 -1
09910 3
09911 6
09912 -1
09913 7
09914 3
09915 -1
09916 -1
09917 5
09918 -1
09919 -1
09920 2
09921 6
09922 1
09923 -1
09924 -1
09925 -1
09926 -1
09927 1
09928 -1
09929 -1
09930 3
09931 -1
09932 -1
09933 -1
09934 -1
09935 10
09936 -1
09937 3
09938 -1
09939 4
09940 -1
09941 -1
09942 3
09943 5
09944 -1
09945 -1
09946 -1
09947 -1
09948 -1
09949 10
09950 -1
09951 2
09952 4
09953 -1
09954 -1
09955 -1
09956 10
09957 8
09958 -1
09959 9
09960 -1
09961 2
09962 -1
09963 4
09964 1
09965 -1
09966 -1
09967 -1
09968 1
09969 -1
09970 -1
09971 1
09972 3
09973 9
09974 2
09975 -1
09976 10
09977 5
09978 -1
09979 -1
09980 5
09981 4
09982 1
09983 1
09984 6
09985 6
09986 -1
09987 -1
09988 -1
09989 -1
09990 -1
09991 -1
09992 5
09993 4
09994 2
09995 9
09996 9
09997 2
09998 -1
09999 2
10000 -1
