00001 10
00002 2
00003 9
00004 5
00005 9
00006 3
00007 6
00008 9
00009 4
00010 8
00011 9
00012 5
00013 8
00014 8
00015 1
00016 2
00017 6
00018 10
00019 7
00020 9
00021 8
00022 1
00023 1
00024 6
00025 2
00026 10
00027 2
00028 9
00029 6
00030 9
00031 7
00032 4
00033 3
00034 3
00035 9
00036 8
00037 7
00038 5
00039 6
00040 3
00041 3
00042 5
00043 5
00044 3
00045 10
00046 6
00047 8
00048 10
00049 2
00050 9
00051 6
00052 2
00053 3
00054 3
00055 1
00056 10
00057 6
00058 1
00059 1
00060 8
00061 3
00062 9
00063 1
00064 2
00065 8
00066 6
00067 8
00068 3
00069 7
00070 5
00071 9
00072 5
00073 8
00074 3
00075 3
00076 4
00077 4
00078 1
00079 1
00080 10
00081 8
00082 9
00083 6
00084 4
00085 9
00086 6
00087 10
00088 7
00089 7
00090 10
00091 1
00092 5
00093 5
00094 9
00095 5
00096 9
00097 10
00098 6
00099 10
00100 6
00101 10
00102 6
00103 1
00104 6
00105 5
00106 5
00107 3
00108 4
00109 1
00110 6
00111 2
00112 4
00113 6
00114 8
00115 7
00116 5
00117 9
00118 8
00119 8
00120 3
00121 9
00122 4
00123 7
00124 5
00125 7
00126 5
00127 2
00128 5
00129 10
00130 10
00131 7
00132 6
00133 9
00134 3
00135 9
00136 10
00137 1
00138 9
00139 6
00140 6
00141 1
00142 9
00143 1
00144 7
00145 3
00146 4
00147 8
00148 6
00149 5
00150 8
00151 1
00152 7
00153 8
00154 2
00155 6
00156 6
00157 7
00158 1
00159 6
00160 4
00161 10
00162 6
00163 10
00164 3
00165 3
00166 5
00167 1
00168 9
00169 9
00170 2
00171 10
00172 10
00173 6
00174 6
00175 8
00176 3
00177 9
00178 4
00179 1
00180 3
00181 4
00182 10
00183 2
00184 5
00185 1
00186 6
00187 9
00188 2
00189 1
00190 7
00191 9
00192 10
00193 2
00194 1
00195 10
00196 6
00197 3
00198 3
00199 1
00200 7
00201 4
00202 8
00203 6
00204 5
00205 4
00206 9
00207 1
00208 6
00209 5
00210 7
00211 8
00212 7
00213 3
00214 1
00215 1
00216 4
00217 3
00218 2
00219 9
00220 10
00221 2
00222 9
00223 8
00224 5
00225 8
00226 4
00227 10
00228 10
00229 2
00230 5
00231 4
00232 4
00233 4
00234 7
00235 1
00236 9
00237 9
00238 4
00239 4
00240 2
00241 3
00242 9
00243 8
00244 9
00245 3
00246 2
00247 1
00248 2
00249 2
00250 1
00251 6
00252 6
00253 5
00254 2
00255 7
00256 1
00257 5
00258 5
00259 5
00260 7
00261 9
00262 2
00263 1
00264 2
00265 3
00266 3
00267 4
00268 10
00269 1
00270 2
00271 1
00272 4
00273 5
00274 5
00275 8
00276 4
00277 6
00278 4
00279 9
00280 4
00281 1
00282 3
00283 10
00284 4
00285 4
00286 9
00287 3
00288 4
00289 1
00290 7
00291 7
00292 9
00293 10
00294 4
00295 9
00296 3
00297 10
00298 5
00299 3
00300 2
00301 6
00302 4
00303 6
00304 8
00305 8
00306 2
00307 3
00308 3
00309 8
00310 7
00311 5
00312 10
00313 9
00314 2
00315 7
00316 7
00317 7
00318 2
00319 6
00320 4
00321 2
00322 8
00323 6
00324 4
00325 1
00326 10
00327 5
00328 6
00329 9
00330 6
00331 9
00332 6
00333 5
00334 10
00335 7
00336 9
00337 1
00338 1
00339 3
00340 6
00341 3
00342 4
00343 4
00344 8
00345 9
00346 9
00347 4
00348 3
00349 4
00350 6
00351 1
00352 10
00353 7
00354 1
00355 4
00356 7
00357 1
00358 7
00359 1
00360 9
00361 7
00362 10
00363 2
00364 10
00365 2
00366 3
00367 5
00368 8
00369 3
00370 3
00371 1
00372 8
00373 2
00374 7
00375 8
00376 4
00377 2
00378 2
00379 3
00380 6
00381 8
00382 3
00383 9
00384 5
00385 8
00386 5
00387 7
00388 3
00389 5
00390 10
00391 7
00392 7
00393 2
00394 7
00395 7
00396 8
00397 10
00398 8
00399 6
00400 2
00401 1
00402 8
00403 3
00404 6
00405 9
00406 2
00407 8
00408 7
00409 2
00410 4
00411 4
00412 2
00413 2
00414 3
00415 2
00416 6
00417 6
00418 3
00419 4
00420 5
00421 6
00422 3
00423 8
00424 6
00425 7
00426 2
00427 3
00428 4
00429 4
00430 3
00431 7
00432 7
00433 7
00434 10
00435 2
00436 4
00437 4
00438 5
00439 6
00440 1
00441 4
00442 4
00443 3
00444 1
00445 5
00446 8
00447 2
00448 4
00449 8
00450 6
00451 1
00452 8
00453 10
00454 10
00455 4
00456 3
00457 6
00458 1
00459 9
00460 6
00461 3
00462 10
00463 2
00464 9
00465 8
00466 8
00467 2
00468 7
00469 3
00470 1
00471 10
00472 3
00473 8
00474 2
00475 3
00476 9
00477 10
00478 6
00479 3
00480 8
00481 1
00482 10
00483 4
00484 10
00485 10
00486 8
00487 4
00488 2
00489 1
00490 10
00491 5
00492 1
00493 4
00494 3
00495 4
00496 7
00497 7
00498 6
00499 3
00500 4
00501 1
00502 7
00503 3
00504 8
00505 5
00506 9
00507 9
00508 3
00509 1
00510 4
00511 3
00512 7
00513 4
00514 6
00515 5
00516 6
00517 1
00518 10
00519 4
00520 2
00521 10
00522 1
00523 3
00524 10
00525 2
00526 10
00527 3
00528 10
00529 1
00530 1
00531 6
00532 2
00533 2
00534 10
00535 9
00536 3
00537 3
00538 3
00539 2
00540 5
00541 4
00542 10
00543 1
00544 10
00545 10
00546 9
00547 3
00548 3
00549 10
00550 3
00551 4
00552 4
00553 6
00554 7
00555 2
00556 4
00557 5
00558 6
00559 6
00560 2
00561 4
00562 4
00563 10
00564 8
00565 10
00566 1
00567 5
00568 9
00569 2
00570 4
00571 8
00572 4
00573 1
00574 9
00575 3
00576 6
00577 2
00578 6
00579 5
00580 7
00581 10
00582 1
00583 2
00584 4
00585 4
00586 7
00587 1
00588 7
00589 7
00590 1
00591 8
00592 9
00593 2
00594 8
00595 4
00596 4
00597 5
00598 4
00599 2
00600 6
00601 1
00602 6
00603 7
00604 4
00605 2
00606 9
00607 2
00608 4
00609 4
00610 6
00611 10
00612 6
00613 1
00614 3
00615 8
00616 3
00617 5
00618 3
00619 8
00620 8
00621 9
00622 8
00623 9
00624 8
00625 5
00626 2
00627 9
00628 10
00629 4
00630 7
00631 6
00632 7
00633 9
00634 10
00635 4
00636 9
00637 1
00638 1
00639 2
00640 9
00641 9
00642 4
00643 3
00644 7
00645 2
00646 1
00647 9
00648 1
00649 3
00650 5
00651 3
00652 6
00653 1
00654 6
00655 3
00656 3
00657 3
00658 1
00659 9
00660 7
00661 10
00662 5
00663 10
00664 1
00665 4
00666 10
00667 1
00668 2
00669 1
00670 6
00671 3
00672 3
00673 5
00674 7
00675 9
00676 4
00677 7
00678 3
00679 2
00680 10
00681 10
00682 1
00683 2
00684 4
00685 3
00686 8
00687 1
00688 2
00689 9
00690 9
00691 9
00692 6
00693 6
00694 1
00695 8
00696 8
00697 9
00698 2
00699 6
00700 3
00701 3
00702 3
00703 5
00704 10
00705 9
00706 9
00707 9
00708 5
00709 3
00710 9
00711 7
00712 6
00713 6
00714 8
00715 1
00716 5
00717 4
00718 4
00719 8
00720 10
00721 3
00722 3
00723 9
00724 9
00725 3
00726 9
00727 10
00728 9
00729 1
00730 3
00731 3
00732 1
00733 8
00734 8
00735 8
00736 9
00737 8
00738 4
00739 3
00740 1
00741 10
00742 10
00743 1
00744 6
00745 5
00746 8
00747 8
00748 9
00749 2
00750 3
00751 4
00752 6
00753 3
00754 10
00755 5
00756 4
00757 7
00758 8
00759 7
00760 9
00761 5
00762 3
00763 4
00764 3
00765 8
00766 2
00767 10
00768 4
00769 2
00770 7
00771 1
00772 6
00773 2
00774 8
00775 6
00776 3
00777 5
00778 3
00779 7
00780 4
00781 3
00782 4
00783 5
00784 2
00785 5
00786 3
00787 8
00788 8
00789 7
00790 7
00791 3
00792 4
00793 2
00794 3
00795 9
00796 7
00797 9
00798 10
00799 2
00800 2
00801 5
00802 8
00803 5
00804 5
00805 2
00806 5
00807 7
00808 3
00809 2
00810 7
00811 2
00812 1
00813 3
00814 1
00815 5
00816 1
00817 6
00818 5
00819 9
00820 6
00821 10
00822 4
00823 6
00824 6
00825 7
00826 1
00827 9
00828 10
00829 2
00830 4
00831 9
00832 5
00833 4
00834 9
00835 2
00836 1
00837 7
00838 4
00839 4
00840 1
00841 1
00842 6
00843 3
00844 7
00845 10
00846 6
00847 4
00848 3
00849 9
00850 1
00851 8
00852 4
00853 6
00854 7
00855 6
00856 4
00857 1
00858 3
00859 7
00860 3
00861 1
00862 1
00863 1
00864 7
00865 7
00866 8
00867 2
00868 4
00869 1
00870 7
00871 5
00872 2
00873 8
00874 9
00875 10
00876 4
00877 2
00878 10
00879 8
00880 9
00881 4
00882 10
00883 9
00884 6
00885 7
00886 10
00887 3
00888 7
00889 6
00890 9
00891 3
00892 9
00893 5
00894 7
00895 2
00896 4
00897 3
00898 7
00899 5
00900 4
00901 10
00902 4
00903 8
00904 4
00905 4
00906 1
00907 5
00908 5
00909 4
00910 7
00911 9
00912 7
00913 2
00914 7
00915 6
00916 7
00917 7
00918 5
00919 10
00920 5
00921 6
00922 2
00923 2
00924 2
00925 9
00926 7
00927 7
00928 9
00929 7
00930 10
00931 3
00932 5
00933 8
00934 6
00935 1
00936 3
00937 4
00938 8
00939 2
00940 2
00941 9
00942 8
00943 9
00944 4
00945 6
00946 4
00947 10
00948 10
00949 5
00950 5
00951 7
00952 8
00953 6
00954 2
00955 5
00956 9
00957 4
00958 2
00959 6
00960 1
00961 7
00962 3
00963 2
00964 6
00965 3
00966 4
00967 5
00968 4
00969 1
00970 3
00971 4
00972 7
00973 6
00974 5
00975 5
00976 9
00977 10
00978 1
00979 2
00980 6
00981 6
00982 3
00983 2
00984 1
00985 4
00986 5
00987 2
00988 8
00989 4
00990 4
00991 10
00992 8
00993 5
00994 2
00995 6
00996 6
00997 3
00998 1
00999 3
01000 1
01001 1
01002 3
01003 2
01004 6
01005 10
01006 6
01007 9
01008 1
01009 3
01010 10
01011 2
01012 10
01013 4
01014 7
01015 3
01016 5
01017 10
01018 5
01019 3
01020 9
01021 8
01022 3
01023 6
01024 10
01025 1
01026 10
01027 4
01028 5
01029 6
01030 4
01031 9
01032 5
01033 7
01034 5
01035 10
01036 3
01037 9
01038 10
01039 10
01040 7
01041 2
01042 10
01043 1
01044 5
01045 4
01046 10
01047 7
01048 5
01049 10
01050 1
01051 6
01052 7
01053 7
01054 10
01055 8
01056 4
01057 8
01058 6
01059 7
01060 6
01061 8
01062 9
01063 9
01064 8
01065 7
01066 4
01067 7
01068 8
01069 7
01070 3
01071 1
01072 5
01073 8
01074 1
01075 2
01076 10
01077 4
01078 3
01079 6
01080 8
01081 7
01082 3
01083 5
01084 1
01085 2
01086 5
01087 3
01088 4
01089 9
01090 2
01091 4
01092 2
01093 9
01094 9
01095 10
01096 3
01097 8
01098 2
01099 6
01100 8
01101 9
01102 4
01103 5
01104 9
01105 7
01106 9
01107 7
01108 3
01109 10
01110 10
01111 10
01112 5
01113 6
01114 5
01115 9
01116 9
01117 7
01118 4
01119 4
01120 3
01121 2
01122 7
01123 9
01124 10
01125 6
01126 4
01127 9
01128 4
01129 9
01130 8
01131 6
01132 2
01133 6
01134 5
01135 4
01136 2
01137 5
01138 5
01139 6
01140 2
01141 6
01142 9
01143 6
01144 5
01145 3
01146 5
01147 2
01148 5
01149 2
01150 5
01151 7
01152 7
01153 4
01154 8
01155 6
01156 6
01157 2
01158 4
01159 4
01160 6
01161 3
01162 8
01163 6
01164 9
01165 8
01166 5
01167 4
01168 1
01169 6
01170 2
01171 6
01172 4
01173 6
01174 7
01175 5
01176 6
01177 8
01178 9
01179 8
01180 4
01181 5
01182 3
01183 1
01184 8
01185 5
01186 9
01187 3
01188 4
01189 3
01190 4
01191 6
01192 6
01193 2
01194 8
01195 5
01196 10
01197 3
01198 6
01199 4
01200 8
01201 9
01202 8
01203 9
01204 2
01205 10
01206 1
01207 4
01208 10
01209 10
01210 3
01211 3
01212 10
01213 4
01214 2
01215 6
01216 7
01217 6
01218 6
01219 5
01220 2
01221 9
01222 3
01223 6
01224 4
01225 7
01226 1
01227 7
01228 8
01229 6
01230 1
01231 5
01232 7
01233 9
01234 10
01235 2
01236 8
01237 4
01238 9
01239 1
01240 1
01241 6
01242 10
01243 6
01244 7
01245 3
01246 2
01247 3
01248 2
01249 6
01250 9
01251 3
01252 8
01253 4
01254 1
01255 4
01256 5
01257 5
01258 10
01259 6
01260 10
01261 2
01262 2
01263 1
01264 10
01265 5
01266 7
01267 5
01268 6
01269 2
01270 10
01271 9
01272 1
01273 5
01274 6
01275 2
01276 2
01277 7
01278 10
01279 8
01280 5
01281 3
01282 6
01283 8
01284 4
01285 1
01286 8
01287 4
01288 4
01289 5
01290 7
01291 8
01292 6
01293 6
01294 5
01295 2
01296 7
01297 10
01298 4
01299 3
01300 2
01301 2
01302 1
01303 9
01304 3
01305 1
01306 9
01307 2
01308 2
01309 3
01310 7
01311 2
01312 8
01313 8
01314 1
01315 7
01316 5
01317 6
01318 4
01319 2
01320 7
01321 6
01322 10
01323 7
01324 8
01325 4
01326 7
01327 4
01328 8
01329 10
01330 9
01331 9
01332 3
01333 8
01334 1
01335 5
01336 4
01337 10
01338 1
01339 4
01340 6
01341 1
01342 8
01343 6
01344 5
01345 1
01346 5
01347 3
01348 9
01349 9
01350 4
01351 5
01352 3
01353 10
01354 7
01355 3
01356 10
01357 3
01358 8
01359 10
01360 5
01361 4
01362 4
01363 8
01364 6
01365 5
01366 5
01367 5
01368 8
01369 4
01370 1
01371 4
01372 9
01373 4
01374 7
01375 4
01376 6
01377 1
01378 10
01379 2
01380 2
01381 9
01382 9
01383 9
01384 5
01385 5
01386 1
01387 10
01388 3
01389 8
01390 9
01391 1
01392 3
01393 5
01394 10
01395 1
01396 7
01397 3
01398 2
01399 8
01400 4
01401 5
01402 4
01403 6
01404 2
01405 7
01406 2
01407 7
01408 9
01409 10
01410 8
01411 7
01412 4
01413 1
01414 8
01415 1
01416 6
01417 9
01418 10
01419 9
01420 3
01421 9
01422 8
01423 7
01424 2
01425 8
01426 6
01427 7
01428 2
01429 9
01430 9
01431 10
01432 9
01433 8
01434 6
01435 9
01436 1
01437 10
01438 9
01439 6
01440 7
01441 5
01442 2
01443 2
01444 5
01445 8
01446 5
01447 1
01448 3
01449 7
01450 8
01451 8
01452 4
01453 1
01454 2
01455 6
01456 1
01457 9
01458 8
01459 1
01460 7
01461 8
01462 4
01463 3
01464 2
01465 9
01466 8
01467 2
01468 3
01469 5
01470 8
01471 7
01472 1
01473 3
01474 4
01475 9
01476 10
01477 5
01478 7
01479 9
01480 7
01481 2
01482 4
01483 8
01484 9
01485 7
01486 9
01487 8
01488 6
01489 10
01490 10
01491 6
01492 9
01493 10
01494 3
01495 4
01496 5
01497 9
01498 3
01499 2
01500 5
01501 2
01502 5
01503 5
01504 10
01505 6
01506 2
01507 10
01508 9
01509 9
01510 6
01511 10
01512 9
01513 8
01514 3
01515 4
01516 4
01517 7
01518 3
01519 9
01520 1
01521 6
01522 1
01523 8
01524 4
01525 7
01526 1
01527 5
01528 4
01529 5
01530 8
01531 9
01532 1
01533 3
01534 1
01535 4
01536 2
01537 6
01538 8
01539 7
01540 4
01541 2
01542 3
01543 5
01544 5
01545 10
01546 6
01547 6
01548 6
01549 9
01550 10
01551 8
01552 1
01553 6
01554 4
01555 3
01556 7
01557 1
01558 10
01559 6
01560 10
01561 9
01562 3
01563 6
01564 8
01565 1
01566 1
01567 3
01568 1
01569 7
01570 4
01571 4
01572 6
01573 4
01574 6
01575 7
01576 7
01577 1
01578 8
01579 3
01580 9
01581 10
01582 5
01583 4
01584 2
01585 6
01586 7
01587 5
01588 3
01589 1
01590 5
01591 9
01592 6
01593 6
01594 9
01595 10
01596 9
01597 3
01598 5
01599 5
01600 6
01601 8
01602 8
01603 6
01604 4
01605 5
01606 9
01607 6
01608 9
01609 1
01610 4
01611 8
01612 2
01613 6
01614 1
01615 3
01616 3
01617 5
01618 4
01619 5
01620 10
01621 4
01622 4
01623 1
01624 10
01625 4
01626 3
01627 10
01628 10
01629 8
01630 5
01631 2
01632 3
01633 1
01634 5
01635 9
01636 3
01637 3
01638 9
01639 8
01640 4
01641 9
01642 4
01643 3
01644 1
01645 1
01646 6
01647 7
01648 4
01649 5
01650 5
01651 10
01652 9
01653 2
01654 9
01655 2
01656 8
01657 4
01658 5
01659 5
01660 3
01661 10
01662 3
01663 3
01664 3
01665 2
01666 5
01667 10
01668 7
01669 3
01670 7
01671 2
01672 2
01673 6
01674 2
01675 5
01676 7
01677 4
01678 6
01679 8
01680 1
01681 9
01682 7
01683 5
01684 8
01685 8
01686 6
01687 5
01688 3
01689 4
01690 2
01691 3
01692 5
01693 10
01694 9
01695 9
01696 1
01697 8
01698 3
01699 3
01700 7
01701 4
01702 3
01703 3
01704 3
01705 7
01706 3
01707 8
01708 6
01709 1
01710 6
01711 6
01712 6
01713 9
01714 6
01715 9
01716 1
01717 8
01718 9
01719 1
01720 3
01721 6
01722 9
01723 7
01724 3
01725 6
01726 4
01727 1
01728 9
01729 4
01730 3
01731 6
01732 1
01733 2
01734 3
01735 5
01736 6
01737 9
01738 3
01739 9
01740 2
01741 2
01742 9
01743 10
01744 3
01745 2
01746 4
01747 1
01748 2
01749 3
01750 5
01751 1
01752 6
01753 2
01754 3
01755 7
01756 5
01757 4
01758 9
01759 3
01760 5
01761 3
01762 8
01763 2
01764 2
01765 1
01766 1
01767 9
01768 9
01769 10
01770 2
01771 3
01772 5
01773 2
01774 3
01775 1
01776 5
01777 10
01778 6
01779 3
01780 7
01781 6
01782 7
01783 7
01784 4
01785 9
01786 5
01787 6
01788 8
01789 1
01790 4
01791 10
01792 7
01793 2
01794 6
01795 10
01796 2
01797 7
01798 3
01799 8
01800 6
01801 2
01802 8
01803 10
01804 3
01805 3
01806 2
01807 7
01808 1
01809 3
01810 6
01811 5
01812 4
01813 2
01814 8
01815 7
01816 4
01817 1
01818 10
01819 2
01820 8
01821 1
01822 8
01823 3
01824 8
01825 8
01826 7
01827 9
01828 6
01829 1
01830 4
01831 6
01832 6
01833 7
01834 10
01835 7
01836 5
01837 5
01838 5
01839 3
01840 1
01841 2
01842 3
01843 6
01844 3
01845 9
01846 3
01847 8
01848 2
01849 6
01850 10
01851 2
01852 3
01853 3
01854 5
01855 8
01856 5
01857 2
01858 3
01859 8
01860 2
01861 6
01862 2
01863 2
01864 4
01865 5
01866 10
01867 10
01868 5
01869 10
01870 8
01871 9
01872 8
01873 1
01874 9
01875 7
01876 1
01877 10
01878 3
01879 4
01880 2
01881 8
01882 10
01883 6
01884 3
01885 9
01886 10
01887 10
01888 9
01889 8
01890 3
01891 6
01892 2
01893 8
01894 10
01895 1
01896 7
01897 7
01898 7
01899 6
01900 8
01901 3
01902 2
01903 7
01904 9
01905 2
01906 10
01907 2
01908 9
01909 3
01910 1
01911 2
01912 4
01913 4
01914 4
01915 3
01916 6
01917 3
01918 3
01919 2
01920 7
01921 3
01922 7
01923 4
01924 10
01925 9
01926 3
01927 2
01928 1
01929 7
01930 3
01931 2
01932 10
01933 10
01934 10
01935 10
01936 1
01937 3
01938 9
01939 5
01940 3
01941 7
01942 6
01943 2
01944 7
01945 3
01946 7
01947 1
01948 9
01949 1
01950 1
01951 4
01952 4
01953 3
01954 2
01955 8
01956 9
01957 9
01958 2
01959 3
01960 1
01961 6
01962 3
01963 8
01964 5
01965 3
01966 5
01967 2
01968 10
01969 7
01970 7
01971 2
01972 6
01973 6
01974 6
01975 2
01976 6
01977 6
01978 6
01979 1
01980 4
01981 3
01982 7
01983 4
01984 6
01985 2
01986 2
01987 3
01988 7
01989 9
01990 8
01991 3
01992 7
01993 9
01994 7
01995 9
01996 3
01997 5
01998 9
01999 10
02000 1
02001 5
02002 4
02003 10
02004 7
02005 7
02006 9
02007 4
02008 10
02009 8
02010 4
02011 5
02012 1
02013 1
02014 9
02015 8
02016 4
02017 8
02018 8
02019 5
02020 1
02021 8
02022 3
02023 5
02024 1
02025 6
02026 3
02027 10
02028 5
02029 7
02030 1
02031 7
02032 3
02033 8
02034 2
02035 1
02036 7
02037 7
02038 6
02039 4
02040 3
02041 6
02042 5
02043 6
02044 8
02045 10
02046 5
02047 2
02048 1
02049 5
02050 1
02051 9
02052 5
02053 5
02054 4
02055 8
02056 3
02057 5
02058 6
02059 2
02060 3
02061 8
02062 9
02063 10
02064 3
02065 4
02066 9
02067 6
02068 10
02069 4
02070 10
02071 9
02072 1
02073 3
02074 2
02075 5
02076 5
02077 1
02078 1
02079 7
02080 8
02081 3
02082 7
02083 2
02084 9
02085 1
02086 4
02087 5
02088 1
02089 4
02090 6
02091 10
02092 2
02093 10
02094 8
02095 6
02096 7
02097 9
02098 8
02099 7
02100 4
02101 7
02102 4
02103 1
02104 3
02105 10
02106 10
02107 7
02108 2
02109 3
02110 3
02111 9
02112 10
02113 1
02114 2
02115 5
02116 9
02117 10
02118 2
02119 10
02120 1
02121 5
02122 6
02123 5
02124 1
02125 4
02126 5
02127 4
02128 9
02129 10
02130 2
02131 10
02132 3
02133 8
02134 3
02135 10
02136 9
02137 9
02138 3
02139 2
02140 6
02141 8
02142 2
02143 7
02144 8
02145 4
02146 3
02147 9
02148 4
02149 5
02150 9
02151 9
02152 8
02153 5
02154 2
02155 5
02156 9
02157 4
02158 3
02159 10
02160 10
02161 4
02162 10
02163 3
02164 2
02165 10
02166 6
02167 6
02168 6
02169 8
02170 9
02171 7
02172 3
02173 8
02174 9
02175 3
02176 1
02177 3
02178 8
02179 8
02180 5
02181 5
02182 4
02183 9
02184 2
02185 10
02186 6
02187 9
02188 9
02189 7
02190 2
02191 5
02192 5
02193 5
02194 5
02195 2
02196 5
02197 7
02198 8
02199 2
02200 10
02201 1
02202 10
02203 4
02204 3
02205 3
02206 9
02207 1
02208 7
02209 1
02210 4
02211 4
02212 8
02213 6
02214 8
02215 8
02216 4
02217 10
02218 10
02219 7
02220 7
02221 1
02222 6
02223 7
02224 1
02225 9
02226 6
02227 9
02228 9
02229 10
02230 5
02231 6
02232 1
02233 10
02234 10
02235 1
02236 9
02237 4
02238 6
02239 7
02240 9
02241 4
02242 4
02243 2
02244 6
02245 6
02246 4
02247 2
02248 7
02249 4
02250 3
02251 2
02252 1
02253 1
02254 6
02255 1
02256 10
02257 3
02258 4
02259 1
02260 2
02261 1
02262 8
02263 9
02264 7
02265 5
02266 1
02267 9
02268 3
02269 4
02270 5
02271 7
02272 10
02273 5
02274 3
02275 2
02276 2
02277 10
02278 7
02279 3
02280 2
02281 5
02282 4
02283 2
02284 9
02285 7
02286 8
02287 1
02288 5
02289 9
02290 6
02291 8
02292 10
02293 2
02294 5
02295 3
02296 9
02297 9
02298 6
02299 1
02300 2
02301 6
02302 3
02303 3
02304 2
02305 8
02306 7
02307 8
02308 2
02309 10
02310 10
02311 7
02312 6
02313 7
02314 3
02315 7
02316 3
02317 8
02318 9
02319 4
02320 5
02321 8
02322 9
02323 4
02324 1
02325 3
02326 5
02327 10
02328 3
02329 4
02330 2
02331 2
02332 2
02333 7
02334 2
02335 8
02336 7
02337 2
02338 7
02339 2
02340 4
02341 7
02342 1
02343 8
02344 10
02345 4
02346 8
02347 6
02348 8
02349 3
02350 5
02351 3
02352 5
02353 8
02354 2
02355 9
02356 3
02357 1
02358 9
02359 4
02360 1
02361 8
02362 5
02363 5
02364 5
02365 7
02366 5
02367 10
02368 9
02369 2
02370 1
02371 3
02372 8
02373 7
02374 4
02375 3
02376 3
02377 2
02378 9
02379 5
02380 4
02381 10
02382 10
02383 1
02384 2
02385 1
02386 1
02387 8
02388 3
02389 8
02390 9
02391 5
02392 1
02393 6
02394 3
02395 7
02396 7
02397 1
02398 5
02399 6
02400 10
02401 1
02402 2
02403 9
02404 9
02405 4
02406 10
02407 5
02408 5
02409 1
02410 2
02411 9
02412 9
02413 4
02414 1
02415 7
02416 10
02417 5
02418 5
02419 8
02420 4
02421 3
02422 9
02423 7
02424 7
02425 1
02426 8
02427 2
02428 8
02429 2
02430 1
02431 3
02432 8
02433 7
02434 1
02435 9
02436 3
02437 6
02438 9
02439 5
02440 2
02441 10
02442 7
02443 7
02444 5
02445 1
02446 10
02447 5
02448 3
02449 10
02450 6
02451 5
02452 2
02453 7
02454 9
02455 5
02456 10
02457 3
02458 2
02459 2
02460 10
02461 6
02462 2
02463 6
02464 10
02465 4
02466 6
02467 8
02468 7
02469 2
02470 4
02471 4
02472 1
02473 6
02474 9
02475 2
02476 6
02477 1
02478 10
02479 10
02480 2
02481 5
02482 8
02483 7
02484 6
02485 8
02486 6
02487 10
02488 3
02489 1
02490 8
02491 9
02492 7
02493 10
02494 8
02495 7
02496 3
02497 10
02498 9
02499 8
02500 5
02501 6
02502 10
02503 3
02504 4
02505 4
02506 4
02507 6
02508 1
02509 3
02510 3
02511 3
02512 10
02513 3
02514 4
02515 1
02516 6
02517 3
02518 8
02519 1
02520 8
02521 6
02522 7
02523 4
02524 6
02525 7
02526 8
02527 7
02528 9
02529 7
02530 10
02531 1
02532 9
02533 8
02534 10
02535 4
02536 5
02537 3
02538 6
02539 4
02540 9
02541 5
02542 6
02543 3
02544 7
02545 5
02546 6
02547 2
02548 8
02549 9
02550 9
02551 2
02552 4
02553 7
02554 3
02555 2
02556 9
02557 5
02558 9
02559 3
02560 1
02561 4
02562 2
02563 3
02564 5
02565 7
02566 3
02567 3
02568 7
02569 1
02570 1
02571 1
02572 4
02573 1
02574 5
02575 7
02576 2
02577 7
02578 8
02579 10
02580 1
02581 1
02582 5
02583 5
02584 10
02585 1
02586 4
02587 8
02588 2
02589 6
02590 6
02591 6
02592 5
02593 6
02594 3
02595 7
02596 7
02597 9
02598 3
02599 6
02600 9
02601 1
02602 4
02603 5
02604 6
02605 4
02606 8
02607 5
02608 7
02609 2
02610 5
02611 1
02612 7
02613 6
02614 1
02615 7
02616 10
02617 7
02618 3
02619 8
02620 3
02621 1
02622 9
02623 4
02624 9
02625 4
02626 8
02627 9
02628 1
02629 9
02630 7
02631 9
02632 6
02633 6
02634 10
02635 6
02636 1
02637 8
02638 6
02639 7
02640 8
02641 1
02642 8
02643 7
02644 8
02645 1
02646 6
02647 5
02648 6
02649 6
02650 1
02651 9
02652 9
02653 4
02654 10
02655 10
02656 4
02657 9
02658 4
02659 9
02660 7
02661 10
02662 6
02663 5
02664 7
02665 9
02666 2
02667 8
02668 2
02669 9
02670 8
02671 3
02672 3
02673 1
02674 7
02675 7
02676 7
02677 10
02678 3
02679 4
02680 5
02681 8
02682 5
02683 9
02684 9
02685 4
02686 1
02687 4
02688 7
02689 5
02690 3
02691 2
02692 8
02693 1
02694 4
02695 1
02696 7
02697 4
02698 6
02699 10
02700 3
02701 5
02702 4
02703 6
02704 8
02705 10
02706 10
02707 2
02708 9
02709 9
02710 10
02711 7
02712 6
02713 6
02714 6
02715 3
02716 7
02717 4
02718 6
02719 4
02720 9
02721 5
02722 1
02723 3
02724 9
02725 5
02726 2
02727 6
02728 3
02729 5
02730 4
02731 10
02732 3
02733 1
02734 10
02735 8
02736 1
02737 1
02738 5
02739 10
02740 4
02741 4
02742 3
02743 5
02744 8
02745 7
02746 2
02747 4
02748 8
02749 9
02750 6
02751 6
02752 6
02753 1
02754 2
02755 2
02756 5
02757 8
02758 7
02759 8
02760 5
02761 2
02762 7
02763 10
02764 5
02765 10
02766 3
02767 6
02768 3
02769 3
02770 9
02771 3
02772 5
02773 2
02774 9
02775 3
02776 8
02777 7
02778 10
02779 2
02780 4
02781 6
02782 10
02783 2
02784 6
02785 1
02786 9
02787 1
02788 5
02789 10
02790 8
02791 6
02792 2
02793 9
02794 2
02795 7
02796 1
02797 5
02798 10
02799 8
02800 1
02801 5
02802 7
02803 7
02804 3
02805 6
02806 1
02807 6
02808 4
02809 3
02810 9
02811 3
02812 7
02813 1
02814 9
02815 9
02816 2
02817 4
02818 5
02819 7
02820 7
02821 5
02822 8
02823 1
02824 8
02825 9
02826 10
02827 5
02828 7
02829 10
02830 8
02831 3
02832 9
02833 2
02834 1
02835 9
02836 4
02837 10
02838 2
02839 7
02840 5
02841 2
02842 3
02843 4
02844 1
02845 6
02846 5
02847 10
02848 8
02849 8
02850 2
02851 9
02852 10
02853 9
02854 9
02855 8
02856 8
02857 7
02858 7
02859 10
02860 3
02861 8
02862 10
02863 1
02864 4
02865 7
02866 4
02867 9
02868 3
02869 7
02870 3
02871 7
02872 1
02873 3
02874 8
02875 9
02876 7
02877 1
02878 8
02879 10
02880 4
02881 5
02882 9
02883 9
02884 3
02885 7
02886 4
02887 7
02888 1
02889 2
02890 3
02891 9
02892 6
02893 3
02894 5
02895 5
02896 9
02897 7
02898 6
02899 10
02900 4
02901 4
02902 8
02903 6
02904 3
02905 9
02906 1
02907 4
02908 6
02909 1
02910 1
02911 7
02912 4
02913 8
02914 3
02915 3
02916 6
02917 6
02918 8
02919 5
02920 9
02921 8
02922 5
02923 3
02924 6
02925 6
02926 5
02927 3
02928 9
02929 2
02930 10
02931 2
02932 7
02933 7
02934 9
02935 5
02936 5
02937 8
02938 5
02939 2
02940 6
02941 4
02942 5
02943 4
02944 8
02945 3
02946 10
02947 1
02948 8
02949 4
02950 9
02951 7
02952 9
02953 5
02954 9
02955 7
02956 1
02957 9
02958 7
02959 7
02960 1
02961 4
02962 9
02963 4
02964 2
02965 1
02966 6
02967 7
02968 8
02969 2
02970 9
02971 8
02972 6
02973 9
02974 6
02975 7
02976 1
02977 2
02978 10
02979 2
02980 4
02981 5
02982 5
02983 7
02984 7
02985 9
02986 5
02987 7
02988 2
02989 7
02990 8
02991 9
02992 8
02993 3
02994 6
02995 7
02996 9
02997 5
02998 4
02999 8
03000 2
03001 5
03002 8
03003 9
03004 2
03005 10
03006 1
03007 10
03008 7
03009 7
03010 2
03011 4
03012 8
03013 6
03014 8
03015 3
03016 7
03017 6
03018 4
03019 10
03020 5
03021 8
03022 9
03023 2
03024 9
03025 1
03026 6
03027 10
03028 9
03029 2
03030 10
03031 10
03032 4
03033 6
03034 6
03035 4
03036 5
03037 2
03038 7
03039 10
03040 1
03041 5
03042 2
03043 10
03044 10
03045 10
03046 10
03047 1
03048 8
03049 9
03050 4
03051 1
03052 7
03053 3
03054 3
03055 2
03056 1
03057 9
03058 6
03059 2
03060 6
03061 5
03062 1
03063 3
03064 3
03065 5
03066 7
03067 5
03068 4
03069 7
03070 9
03071 4
03072 7
03073 10
03074 7
03075 3
03076 6
03077 6
03078 6
03079 4
03080 9
03081 9
03082 2
03083 8
03084 6
03085 10
03086 9
03087 10
03088 4
03089 4
03090 3
03091 6
03092 3
03093 7
03094 6
03095 3
03096 2
03097 10
03098 10
03099 4
03100 5
03101 7
03102 1
03103 6
03104 1
03105 1
03106 5
03107 2
03108 9
03109 7
03110 3
03111 7
03112 3
03113 6
03114 6
03115 5
03116 3
03117 7
03118 1
03119 5
03120 4
03121 5
03122 10
03123 10
03124 8
03125 5
03126 9
03127 5
03128 4
03129 7
03130 3
03131 4
03132 1
03133 6
03134 3
03135 5
03136 10
03137 5
03138 4
03139 7
03140 2
03141 9
03142 3
03143 10
03144 3
03145 7
03146 1
03147 2
03148 6
03149 6
03150 8
03151 10
03152 10
03153 9
03154 8
03155 2
03156 10
03157 7
03158 2
03159 10
03160 6
03161 3
03162 1
03163 8
03164 5
03165 7
03166 4
03167 5
03168 6
03169 4
03170 2
03171 3
03172 4
03173 7
03174 9
03175 9
03176 1
03177 8
03178 4
03179 5
03180 10
03181 4
03182 10
03183 5
03184 8
03185 8
03186 7
03187 6
03188 2
03189 7
03190 5
03191 9
03192 1
03193 4
03194 1
03195 2
03196 9
03197 2
03198 1
03199 6
03200 3
03201 3
03202 5
03203 6
03204 9
03205 5
03206 6
03207 2
03208 1
03209 2
03210 1
03211 7
03212 6
03213 1
03214 1
03215 2
03216 5
03217 3
03218 7
03219 9
03220 3
03221 2
03222 6
03223 10
03224 1
03225 1
03226 8
03227 1
03228 4
03229 7
03230 8
03231 3
03232 8
03233 1
03234 7
03235 3
03236 8
03237 9
03238 10
03239 8
03240 9
03241 5
03242 10
03243 6
03244 5
03245 3
03246 8
03247 3
03248 2
03249 7
03250 2
03251 3
03252 1
03253 9
03254 10
03255 10
03256 5
03257 10
03258 1
03259 3
03260 6
03261 1
03262 3
03263 1
03264 9
03265 8
03266 2
03267 2
03268 10
03269 6
03270 7
03271 2
03272 10
03273 8
03274 4
03275 10
03276 5
03277 2
03278 4
03279 7
03280 7
03281 3
03282 3
03283 9
03284 10
03285 3
03286 5
03287 9
03288 3
03289 6
03290 4
03291 3
03292 5
03293 6
03294 8
03295 5
03296 1
03297 8
03298 5
03299 2
03300 10
03301 4
03302 9
03303 7
03304 7
03305 4
03306 2
03307 4
03308 7
03309 7
03310 8
03311 7
03312 8
03313 1
03314 8
03315 8
03316 8
03317 2
03318 2
03319 9
03320 4
03321 10
03322 8
03323 6
03324 8
03325 10
03326 2
03327 7
03328 7
03329 5
03330 10
03331 10
03332 2
03333 9
03334 4
03335 10
03336 5
03337 9
03338 1
03339 5
03340 4
03341 3
03342 1
03343 2
03344 7
03345 5
03346 5
03347 7
03348 5
03349 9
03350 5
03351 7
03352 5
03353 2
03354 4
03355 6
03356 2
03357 9
03358 10
03359 5
03360 2
03361 3
03362 4
03363 9
03364 1
03365 4
03366 7
03367 4
03368 9
03369 7
03370 10
03371 4
03372 9
03373 1
03374 6
03375 7
03376 7
03377 9
03378 8
03379 5
03380 9
03381 8
03382 7
03383 10
03384 8
03385 10
03386 5
03387 5
03388 8
03389 1
03390 3
03391 8
03392 4
03393 3
03394 10
03395 1
03396 6
03397 6
03398 9
03399 5
03400 7
03401 4
03402 2
03403 9
03404 10
03405 4
03406 6
03407 9
03408 9
03409 7
03410 2
03411 10
03412 2
03413 5
03414 5
03415 9
03416 7
03417 9
03418 7
03419 1
03420 2
03421 10
03422 5
03423 5
03424 1
03425 3
03426 4
03427 8
03428 6
03429 10
03430 8
03431 4
03432 3
03433 9
03434 8
03435 6
03436 7
03437 3
03438 4
03439 3
03440 9
03441 6
03442 8
03443 8
03444 10
03445 2
03446 10
03447 1
03448 7
03449 8
03450 3
03451 8
03452 7
03453 9
03454 7
03455 5
03456 6
03457 2
03458 6
03459 8
03460 7
03461 10
03462 5
03463 5
03464 7
03465 7
03466 4
03467 3
03468 10
03469 8
03470 5
03471 8
03472 9
03473 2
03474 7
03475 8
03476 2
03477 9
03478 4
03479 2
03480 7
03481 5
03482 2
03483 6
03484 9
03485 1
03486 10
03487 3
03488 6
03489 2
03490 1
03491 9
03492 8
03493 8
03494 9
03495 5
03496 6
03497 2
03498 2
03499 2
03500 5
03501 3
03502 3
03503 6
03504 6
03505 9
03506 4
03507 4
03508 6
03509 6
03510 9
03511 7
03512 1
03513 5
03514 2
03515 1
03516 3
03517 7
03518 7
03519 5
03520 8
03521 4
03522 9
03523 6
03524 3
03525 1
03526 4
03527 1
03528 5
03529 8
03530 9
03531 4
03532 1
03533 2
03534 8
03535 8
03536 3
03537 4
03538 1
03539 6
03540 4
03541 2
03542 1
03543 9
03544 3
03545 6
03546 10
03547 2
03548 9
03549 9
03550 1
03551 10
03552 5
03553 4
03554 2
03555 7
03556 7
03557 2
03558 10
03559 2
03560 6
03561 6
03562 5
03563 2
03564 2
03565 7
03566 9
03567 9
03568 3
03569 10
03570 7
03571 5
03572 5
03573 8
03574 10
03575 5
03576 6
03577 9
03578 7
03579 2
03580 1
03581 4
03582 8
03583 7
03584 7
03585 10
03586 7
03587 1
03588 9
03589 3
03590 7
03591 4
03592 4
03593 10
03594 1
03595 2
03596 6
03597 10
03598 2
03599 6
03600 8
03601 8
03602 1
03603 10
03604 6
03605 10
03606 7
03607 4
03608 6
03609 7
03610 10
03611 7
03612 1
03613 5
03614 2
03615 8
03616 7
03617 1
03618 2
03619 7
03620 1
03621 8
03622 2
03623 9
03624 9
03625 10
03626 3
03627 6
03628 2
03629 8
03630 3
03631 9
03632 4
03633 4
03634 1
03635 9
03636 6
03637 10
03638 6
03639 1
03640 9
03641 1
03642 6
03643 8
03644 5
03645 2
03646 3
03647 9
03648 7
03649 4
03650 1
03651 8
03652 5
03653 9
03654 2
03655 6
03656 10
03657 2
03658 10
03659 5
03660 8
03661 10
03662 4
03663 2
03664 5
03665 2
03666 4
03667 10
03668 4
03669 10
03670 3
03671 2
03672 7
03673 10
03674 8
03675 1
03676 1
03677 6
03678 7
03679 1
03680 2
03681 1
03682 5
03683 10
03684 8
03685 6
03686 7
03687 7
03688 1
03689 3
03690 5
03691 9
03692 4
03693 8
03694 10
03695 4
03696 1
03697 5
03698 1
03699 9
03700 2
03701 3
03702 4
03703 2
03704 7
03705 6
03706 2
03707 4
03708 5
03709 9
03710 2
03711 7
03712 2
03713 6
03714 4
03715 7
03716 8
03717 9
03718 5
03719 6
03720 7
03721 9
03722 10
03723 6
03724 1
03725 10
03726 10
03727 10
03728 4
03729 5
03730 9
03731 5
03732 10
03733 9
03734 2
03735 1
03736 10
03737 1
03738 1
03739 8
03740 5
03741 6
03742 5
03743 9
03744 3
03745 4
03746 5
03747 3
03748 10
03749 5
03750 10
03751 7
03752 9
03753 9
03754 10
03755 6
03756 3
03757 8
03758 4
03759 6
03760 7
03761 1
03762 3
03763 10
03764 7
03765 4
03766 10
03767 7
03768 4
03769 3
03770 2
03771 9
03772 9
03773 10
03774 10
03775 1
03776 3
03777 4
03778 2
03779 9
03780 4
03781 10
03782 7
03783 5
03784 4
03785 1
03786 4
03787 10
03788 6
03789 1
03790 5
03791 9
03792 2
03793 4
03794 10
03795 6
03796 4
03797 1
03798 3
03799 1
03800 3
03801 6
03802 2
03803 6
03804 4
03805 4
03806 3
03807 9
03808 4
03809 10
03810 3
03811 1
03812 1
03813 1
03814 7
03815 2
03816 4
03817 8
03818 3
03819 6
03820 8
03821 7
03822 2
03823 3
03824 9
03825 8
03826 7
03827 2
03828 4
03829 7
03830 8
03831 2
03832 10
03833 1
03834 6
03835 1
03836 4
03837 3
03838 5
03839 8
03840 4
03841 4
03842 5
03843 7
03844 6
03845 3
03846 7
03847 1
03848 6
03849 1
03850 7
03851 2
03852 4
03853 2
03854 4
03855 8
03856 6
03857 6
03858 5
03859 8
03860 1
03861 3
03862 3
03863 10
03864 8
03865 5
03866 6
03867 4
03868 2
03869 5
03870 3
03871 10
03872 1
03873 5
03874 1
03875 4
03876 5
03877 3
03878 6
03879 6
03880 9
03881 7
03882 4
03883 7
03884 9
03885 9
03886 2
03887 8
03888 9
03889 8
03890 9
03891 7
03892 3
03893 1
03894 2
03895 8
03896 9
03897 6
03898 2
03899 1
03900 9
03901 7
03902 2
03903 5
03904 6
03905 2
03906 5
03907 6
03908 9
03909 3
03910 7
03911 3
03912 6
03913 7
03914 7
03915 5
03916 5
03917 5
03918 7
03919 2
03920 2
03921 2
03922 9
03923 6
03924 8
03925 6
03926 6
03927 1
03928 2
03929 6
03930 5
03931 4
03932 3
03933 4
03934 2
03935 1
03936 3
03937 9
03938 6
03939 2
03940 7
03941 9
03942 2
03943 4
03944 7
03945 8
03946 2
03947 5
03948 9
03949 7
03950 10
03951 1
03952 5
03953 1
03954 8
03955 6
03956 7
03957 1
03958 9
03959 6
03960 6
03961 4
03962 1
03963 6
03964 10
03965 3
03966 5
03967 1
03968 10
03969 3
03970 2
03971 4
03972 5
03973 4
03974 4
03975 4
03976 9
03977 5
03978 7
03979 7
03980 7
03981 4
03982 4
03983 4
03984 8
03985 8
03986 3
03987 5
03988 1
03989 4
03990 2
03991 3
03992 2
03993 2
03994 7
03995 3
03996 6
03997 3
03998 3
03999 7
04000 2
04001 10
04002 2
04003 6
04004 4
04005 9
04006 1
04007 10
04008 3
04009 2
04010 3
04011 6
04012 2
04013 10
04014 4
04015 10
04016 7
04017 5
04018 7
04019 5
04020 8
04021 6
04022 6
04023 7
04024 8
04025 9
04026 2
04027 6
04028 6
04029 4
04030 8
04031 5
04032 3
04033 1
04034 4
04035 10
04036 3
04037 1
04038 8
04039 2
04040 2
04041 7
04042 1
04043 2
04044 3
04045 10
04046 10
04047 7
04048 5
04049 10
04050 3
04051 1
04052 5
04053 5
04054 2
04055 2
04056 5
04057 10
04058 5
04059 6
04060 7
04061 8
04062 10
04063 10
04064 10
04065 9
04066 6
04067 8
04068 7
04069 4
04070 3
04071 5
04072 9
04073 8
04074 3
04075 2
04076 10
04077 7
04078 8
04079 9
04080 5
04081 7
04082 8
04083 4
04084 10
04085 2
04086 10
04087 1
04088 7
04089 3
04090 5
04091 3
04092 6
04093 7
04094 5
04095 8
04096 5
04097 4
04098 2
04099 7
04100 8
04101 6
04102 6
04103 1
04104 2
04105 7
04106 9
04107 10
04108 3
04109 7
04110 7
04111 7
04112 8
04113 9
04114 2
04115 5
04116 1
04117 9
04118 9
04119 4
04120 3
04121 7
04122 10
04123 4
04124 4
04125 5
04126 2
04127 8
04128 7
04129 9
04130 1
04131 10
04132 7
04133 9
04134 3
04135 1
04136 9
04137 5
04138 8
04139 6
04140 2
04141 5
04142 5
04143 7
04144 2
04145 6
04146 10
04147 2
04148 5
04149 10
04150 3
04151 10
04152 3
04153 3
04154 6
04155 1
04156 1
04157 1
04158 6
04159 2
04160 7
04161 1
04162 8
04163 3
04164 8
04165 5
04166 6
04167 7
04168 5
04169 8
04170 10
04171 1
04172 4
04173 2
04174 3
04175 5
04176 5
04177 10
04178 2
04179 1
04180 1
04181 3
04182 7
04183 6
04184 7
04185 6
04186 9
04187 2
04188 3
04189 5
04190 10
04191 7
04192 3
04193 4
04194 5
04195 9
04196 1
04197 8
04198 10
04199 3
04200 5
04201 1
04202 1
04203 2
04204 7
04205 10
04206 8
04207 7
04208 1
04209 7
04210 5
04211 7
04212 1
04213 6
04214 7
04215 4
04216 7
04217 3
04218 7
04219 10
04220 9
04221 10
04222 5
04223 10
04224 1
04225 9
04226 3
04227 10
04228 4
04229 5
04230 4
04231 9
04232 6
04233 7
04234 2
04235 4
04236 1
04237 7
04238 4
04239 10
04240 4
04241 1
04242 2
04243 6
04244 1
04245 8
04246 5
04247 2
04248 4
04249 4
04250 4
04251 2
04252 7
04253 2
04254 2
04255 7
04256 1
04257 8
04258 9
04259 10
04260 8
04261 3
04262 4
04263 5
04264 10
04265 5
04266 7
04267 6
04268 5
04269 2
04270 6
04271 9
04272 2
04273 5
04274 1
04275 1
04276 7
04277 5
04278 6
04279 5
04280 9
04281 8
04282 10
04283 2
04284 5
04285 8
04286 7
04287 3
04288 5
04289 3
04290 7
04291 10
04292 2
04293 1
04294 4
04295 6
04296 8
04297 9
04298 10
04299 8
04300 3
04301 2
04302 5
04303 6
04304 8
04305 2
04306 3
04307 8
04308 9
04309 8
04310 10
04311 9
04312 10
04313 5
04314 10
04315 5
04316 7
04317 5
04318 2
04319 4
04320 1
04321 1
04322 5
04323 5
04324 6
04325 1
04326 8
04327 2
04328 5
04329 3
04330 3
04331 1
04332 10
04333 8
04334 9
04335 10
04336 2
04337 10
04338 2
04339 6
04340 6
04341 6
04342 9
04343 4
04344 4
04345 2
04346 5
04347 10
04348 4
04349 6
04350 10
04351 5
04352 3
04353 3
04354 9
04355 10
04356 1
04357 9
04358 6
04359 6
04360 9
04361 8
04362 4
04363 9
04364 9
04365 4
04366 9
04367 9
04368 3
04369 2
04370 4
04371 1
04372 4
04373 7
04374 9
04375 10
04376 8
04377 4
04378 4
04379 7
04380 3
04381 7
04382 3
04383 1
04384 10
04385 1
04386 9
04387 2
04388 10
04389 2
04390 8
04391 10
04392 5
04393 8
04394 10
04395 9
04396 6
04397 9
04398 3
04399 8
04400 5
04401 9
04402 8
04403 2
04404 6
04405 5
04406 10
04407 3
04408 6
04409 4
04410 4
04411 4
04412 10
04413 8
04414 7
04415 2
04416 1
04417 10
04418 8
04419 8
04420 5
04421 8
04422 3
04423 9
04424 1
04425 1
04426 2
04427 7
04428 6
04429 9
04430 1
04431 6
04432 4
04433 8
04434 3
04435 7
04436 6
04437 1
04438 2
04439 7
04440 9
04441 9
04442 10
04443 3
04444 10
04445 7
04446 9
04447 7
04448 8
04449 1
04450 5
04451 4
04452 4
04453 4
04454 4
04455 7
04456 5
04457 3
04458 2
04459 7
04460 8
04461 8
04462 10
04463 7
04464 2
04465 3
04466 6
04467 2
04468 10
04469 3
04470 7
04471 5
04472 5
04473 2
04474 6
04475 4
04476 5
04477 10
04478 1
04479 10
04480 4
04481 8
04482 10
04483 3
04484 10
04485 4
04486 4
04487 7
04488 9
04489 1
04490 1
04491 9
04492 3
04493 1
04494 1
04495 1
04496 6
04497 5
04498 5
04499 2
04500 9
04501 9
04502 9
04503 8
04504 10
04505 9
04506 2
04507 4
04508 10
04509 9
04510 10
04511 10
04512 9
04513 3
04514 1
04515 6
04516 8
04517 8
04518 7
04519 8
04520 4
04521 2
04522 2
04523 9
04524 8
04525 10
04526 9
04527 8
04528 7
04529 5
04530 7
04531 1
04532 7
04533 6
04534 4
04535 2
04536 6
04537 7
04538 9
04539 4
04540 7
04541 3
04542 2
04543 9
04544 10
04545 6
04546 1
04547 2
04548 8
04549 9
04550 9
04551 10
04552 2
04553 1
04554 10
04555 10
04556 8
04557 7
04558 10
04559 6
04560 6
04561 2
04562 10
04563 3
04564 3
04565 3
04566 3
04567 4
04568 7
04569 3
04570 8
04571 10
04572 9
04573 2
04574 7
04575 5
04576 4
04577 3
04578 1
04579 6
04580 8
04581 4
04582 7
04583 10
04584 1
04585 5
04586 8
04587 9
04588 7
04589 3
04590 6
04591 2
04592 1
04593 9
04594 8
04595 9
04596 5
04597 9
04598 9
04599 5
04600 4
04601 7
04602 7
04603 7
04604 3
04605 6
04606 8
04607 8
04608 5
04609 1
04610 6
04611 3
04612 4
04613 6
04614 4
04615 8
04616 9
04617 8
04618 9
04619 9
04620 2
04621 1
04622 2
04623 10
04624 5
04625 2
04626 1
04627 6
04628 3
04629 4
04630 4
04631 5
04632 10
04633 2
04634 8
04635 6
04636 9
04637 10
04638 5
04639 4
04640 1
04641 5
04642 6
04643 9
04644 2
04645 9
04646 8
04647 5
04648 2
04649 1
04650 2
04651 8
04652 1
04653 7
04654 8
04655 5
04656 10
04657 8
04658 6
04659 3
04660 5
04661 1
04662 8
04663 10
04664 6
04665 2
04666 6
04667 4
04668 2
04669 3
04670 1
04671 9
04672 8
04673 8
04674 4
04675 10
04676 8
04677 4
04678 5
04679 9
04680 8
04681 8
04682 9
04683 1
04684 1
04685 9
04686 10
04687 9
04688 7
04689 3
04690 10
04691 3
04692 9
04693 5
04694 4
04695 7
04696 5
04697 8
04698 8
04699 2
04700 6
04701 5
04702 3
04703 1
04704 7
04705 3
04706 5
04707 8
04708 3
04709 2
04710 10
04711 5
04712 10
04713 7
04714 1
04715 5
04716 5
04717 8
04718 6
04719 1
04720 10
04721 10
04722 3
04723 2
04724 5
04725 9
04726 10
04727 9
04728 4
04729 10
04730 6
04731 1
04732 1
04733 3
04734 1
04735 4
04736 1
04737 8
04738 8
04739 9
04740 5
04741 10
04742 1
04743 7
04744 4
04745 4
04746 9
04747 8
04748 4
04749 4
04750 4
04751 1
04752 7
04753 10
04754 8
04755 2
04756 6
04757 7
04758 1
04759 1
04760 9
04761 5
04762 2
04763 1
04764 2
04765 3
04766 2
04767 6
04768 4
04769 2
04770 7
04771 5
04772 7
04773 2
04774 2
04775 6
04776 9
04777 4
04778 6
04779 9
04780 9
04781 2
04782 7
04783 8
04784 3
04785 7
04786 8
04787 3
04788 5
04789 10
04790 9
04791 1
04792 1
04793 4
04794 2
04795 3
04796 2
04797 3
04798 4
04799 6
04800 6
04801 5
04802 3
04803 6
04804 8
04805 8
04806 2
04807 2
04808 9
04809 5
04810 3
04811 4
04812 4
04813 8
04814 4
04815 3
04816 5
04817 5
04818 10
04819 6
04820 2
04821 7
04822 4
04823 1
04824 4
04825 2
04826 5
04827 1
04828 8
04829 9
04830 2
04831 8
04832 3
04833 4
04834 8
04835 10
04836 9
04837 2
04838 5
04839 6
04840 2
04841 10
04842 9
04843 5
04844 9
04845 9
04846 4
04847 3
04848 5
04849 4
04850 8
04851 10
04852 10
04853 3
04854 8
04855 4
04856 10
04857 9
04858 9
04859 4
04860 5
04861 7
04862 5
04863 8
04864 3
04865 7
04866 8
04867 8
04868 6
04869 2
04870 4
04871 10
04872 10
04873 6
04874 7
04875 4
04876 6
04877 1
04878 7
04879 8
04880 6
04881 1
04882 6
04883 3
04884 9
04885 10
04886 6
04887 8
04888 10
04889 2
04890 1
04891 5
04892 7
04893 2
04894 5
04895 8
04896 9
04897 5
04898 3
04899 7
04900 5
04901 10
04902 3
04903 5
04904 8
04905 4
04906 5
04907 9
04908 4
04909 7
04910 9
04911 9
04912 3
04913 1
04914 8
04915 2
04916 10
04917 9
04918 9
04919 6
04920 6
04921 3
04922 5
04923 7
04924 8
04925 5
04926 1
04927 6
04928 1
04929 5
04930 7
04931 10
04932 3
04933 5
04934 4
04935 1
04936 5
04937 1
04938 7
04939 6
04940 7
04941 1
04942 8
04943 6
04944 8
04945 1
04946 3
04947 9
04948 6
04949 8
04950 4
04951 9
04952 1
04953 8
04954 8
04955 1
04956 10
04957 2
04958 4
04959 10
04960 9
04961 1
04962 7
04963 8
04964 8
04965 9
04966 1
04967 9
04968 10
04969 8
04970 4
04971 3
04972 10
04973 5
04974 6
04975 7
04976 5
04977 10
04978 3
04979 5
04980 6
04981 7
04982 10
04983 9
04984 3
04985 1
04986 2
04987 5
04988 8
04989 10
04990 10
04991 4
04992 8
04993 10
04994 1
04995 8
04996 8
04997 7
04998 9
04999 9
05000 4
05001 3
05002 1
05003 3
05004 1
05005 4
05006 9
05007 4
05008 4
05009 5
05010 1
05011 10
05012 1
05013 9
05014 1
05015 8
05016 9
05017 1
05018 10
05019 9
05020 4
05021 3
05022 4
05023 4
05024 7
05025 2
05026 3
05027 8
05028 10
05029 7
05030 4
05031 9
05032 1
05033 7
05034 2
05035 4
05036 4
05037 3
05038 10
05039 4
05040 5
05041 10
05042 1
05043 10
05044 4
05045 4
05046 10
05047 7
05048 8
05049 7
05050 1
05051 6
05052 3
05053 7
05054 8
05055 1
05056 7
05057 2
05058 5
05059 1
05060 5
05061 6
05062 1
05063 1
05064 7
05065 9
05066 8
05067 1
05068 10
05069 4
05070 9
05071 8
05072 4
05073 10
05074 9
05075 7
05076 5
05077 9
05078 2
05079 10
05080 9
05081 8
05082 4
05083 8
05084 9
05085 7
05086 7
05087 7
05088 6
05089 9
05090 5
05091 1
05092 5
05093 8
05094 6
05095 5
05096 6
05097 3
05098 7
05099 4
05100 8
05101 5
05102 1
05103 4
05104 7
05105 3
05106 3
05107 8
05108 2
05109 4
05110 6
05111 10
05112 8
05113 10
05114 4
05115 1
05116 3
05117 2
05118 9
05119 7
05120 8
05121 9
05122 2
05123 6
05124 1
05125 6
05126 3
05127 6
05128 6
05129 7
05130 10
05131 10
05132 1
05133 2
05134 10
05135 2
05136 3
05137 10
05138 4
05139 8
05140 4
05141 1
05142 9
05143 6
05144 6
05145 4
05146 3
05147 6
05148 2
05149 8
05150 8
05151 8
05152 3
05153 9
05154 10
05155 10
05156 3
05157 1
05158 5
05159 9
05160 10
05161 2
05162 4
05163 9
05164 9
05165 7
05166 4
05167 4
05168 3
05169 6
05170 9
05171 1
05172 7
05173 8
05174 1
05175 9
05176 6
05177 4
05178 10
05179 7
05180 4
05181 8
05182 7
05183 3
05184 10
05185 5
05186 10
05187 1
05188 3
05189 7
05190 1
05191 2
05192 5
05193 4
05194 3
05195 2
05196 9
05197 7
05198 8
05199 8
05200 5
05201 4
05202 9
05203 4
05204 3
05205 7
05206 9
05207 7
05208 10
05209 8
05210 10
05211 6
05212 8
05213 10
05214 3
05215 7
05216 5
05217 4
05218 5
05219 3
05220 1
05221 8
05222 2
05223 7
05224 2
05225 7
05226 8
05227 4
05228 7
05229 2
05230 1
05231 2
05232 6
05233 9
05234 3
05235 9
05236 7
05237 8
05238 8
05239 3
05240 10
05241 4
05242 3
05243 10
05244 9
05245 10
05246 1
05247 6
05248 7
05249 1
05250 4
05251 2
05252 5
05253 9
05254 4
05255 9
05256 1
05257 2
05258 8
05259 8
05260 4
05261 8
05262 3
05263 7
05264 1
05265 2
05266 6
05267 3
05268 10
05269 3
05270 1
05271 6
05272 2
05273 4
05274 6
05275 3
05276 2
05277 6
05278 9
05279 4
05280 8
05281 7
05282 8
05283 1
05284 4
05285 7
05286 6
05287 1
05288 8
05289 7
05290 2
05291 4
05292 10
05293 9
05294 7
05295 5
05296 5
05297 9
05298 1
05299 2
05300 7
05301 3
05302 2
05303 9
05304 8
05305 1
05306 3
05307 8
05308 5
05309 7
05310 4
05311 3
05312 3
05313 10
05314 6
05315 3
05316 7
05317 4
05318 7
05319 4
05320 2
05321 2
05322 4
05323 8
05324 3
05325 8
05326 4
05327 3
05328 8
05329 1
05330 8
05331 10
05332 1
05333 7
05334 6
05335 3
05336 6
05337 5
05338 3
05339 2
05340 5
05341 1
05342 6
05343 1
05344 9
05345 1
05346 3
05347 8
05348 7
05349 4
05350 4
05351 1
05352 9
05353 5
05354 8
05355 7
05356 10
05357 10
05358 6
05359 4
05360 9
05361 10
05362 3
05363 7
05364 7
05365 8
05366 10
05367 1
05368 8
05369 3
05370 5
05371 3
05372 5
05373 4
05374 9
05375 8
05376 8
05377 6
05378 2
05379 9
05380 10
05381 3
05382 2
05383 5
05384 7
05385 7
05386 5
05387 4
05388 10
05389 3
05390 4
05391 2
05392 7
05393 10
05394 8
05395 10
05396 7
05397 10
05398 1
05399 8
05400 8
05401 9
05402 6
05403 7
05404 9
05405 8
05406 7
05407 1
05408 2
05409 5
05410 8
05411 10
05412 8
05413 3
05414 1
05415 10
05416 9
05417 6
05418 5
05419 10
05420 9
05421 5
05422 7
05423 6
05424 1
05425 10
05426 3
05427 4
05428 1
05429 9
05430 3
05431 8
05432 8
05433 3
05434 7
05435 1
05436 7
05437 4
05438 4
05439 8
05440 10
05441 10
05442 3
05443 6
05444 3
05445 10
05446 7
05447 3
05448 9
05449 5
05450 6
05451 5
05452 10
05453 5
05454 3
05455 5
05456 8
05457 5
05458 4
05459 3
05460 3
05461 9
05462 10
05463 1
05464 9
05465 8
05466 7
05467 7
05468 4
05469 9
05470 1
05471 3
05472 4
05473 6
05474 10
05475 6
05476 8
05477 10
05478 3
05479 10
05480 8
05481 3
05482 5
05483 4
05484 7
05485 4
05486 3
05487 3
05488 7
05489 2
05490 5
05491 2
05492 8
05493 6
05494 6
05495 5
05496 2
05497 7
05498 10
05499 2
05500 1
05501 1
05502 8
05503 8
05504 8
05505 1
05506 7
05507 3
05508 9
05509 6
05510 5
05511 9
05512 5
05513 4
05514 6
05515 4
05516 8
05517 3
05518 8
05519 5
05520 3
05521 3
05522 7
05523 6
05524 1
05525 2
05526 2
05527 5
05528 1
05529 10
05530 9
05531 7
05532 2
05533 4
05534 4
05535 3
05536 6
05537 8
05538 7
05539 9
05540 9
05541 2
05542 1
05543 5
05544 7
05545 4
05546 1
05547 2
05548 5
05549 2
05550 4
05551 10
05552 8
05553 6
05554 7
05555 3
05556 9
05557 8
05558 4
05559 6
05560 2
05561 2
05562 10
05563 2
05564 1
05565 1
05566 4
05567 7
05568 1
05569 7
05570 10
05571 2
05572 9
05573 5
05574 1
05575 7
05576 9
05577 9
05578 10
05579 1
05580 7
05581 7
05582 10
05583 8
05584 4
05585 2
05586 7
05587 10
05588 7
05589 6
05590 9
05591 10
05592 7
05593 9
05594 6
05595 3
05596 10
05597 10
05598 10
05599 2
05600 2
05601 6
05602 8
05603 7
05604 7
05605 7
05606 9
05607 4
05608 5
05609 9
05610 4
05611 3
05612 5
05613 8
05614 3
05615 5
05616 4
05617 8
05618 6
05619 4
05620 4
05621 9
05622 4
05623 5
05624 8
05625 3
05626 3
05627 5
05628 7
05629 8
05630 5
05631 2
05632 8
05633 1
05634 6
05635 6
05636 2
05637 4
05638 4
05639 8
05640 1
05641 5
05642 2
05643 6
05644 9
05645 6
05646 7
05647 4
05648 4
05649 5
05650 9
05651 9
05652 10
05653 5
05654 10
05655 7
05656 4
05657 8
05658 4
05659 2
05660 1
05661 1
05662 2
05663 4
05664 6
05665 5
05666 2
05667 4
05668 5
05669 8
05670 7
05671 4
05672 9
05673 3
05674 3
05675 5
05676 2
05677 2
05678 7
05679 2
05680 10
05681 6
05682 9
05683 10
05684 9
05685 5
05686 10
05687 9
05688 10
05689 7
05690 5
05691 5
05692 3
05693 7
05694 6
05695 9
05696 1
05697 1
05698 4
05699 9
05700 9
05701 9
05702 4
05703 4
05704 5
05705 10
05706 9
05707 6
05708 1
05709 8
05710 7
05711 6
05712 8
05713 5
05714 10
05715 6
05716 6
05717 8
05718 1
05719 4
05720 3
05721 9
05722 5
05723 6
05724 4
05725 4
05726 2
05727 10
05728 2
05729 9
05730 4
05731 1
05732 3
05733 9
05734 5
05735 2
05736 1
05737 6
05738 10
05739 10
05740 2
05741 5
05742 9
05743 3
05744 7
05745 6
05746 3
05747 10
05748 2
05749 8
05750 2
05751 4
05752 9
05753 8
05754 1
05755 3
05756 7
05757 1
05758 7
05759 9
05760 6
05761 3
05762 3
05763 1
05764 3
05765 8
05766 8
05767 1
05768 4
05769 6
05770 6
05771 6
05772 1
05773 6
05774 6
05775 3
05776 7
05777 7
05778 2
05779 10
05780 3
05781 9
05782 8
05783 5
05784 8
05785 4
05786 1
05787 5
05788 1
05789 2
05790 1
05791 6
05792 1
05793 5
05794 3
05795 6
05796 1
05797 3
05798 6
05799 2
05800 6
05801 7
05802 9
05803 9
05804 4
05805 2
05806 3
05807 8
05808 8
05809 2
05810 5
05811 6
05812 2
05813 3
05814 10
05815 5
05816 6
05817 1
05818 7
05819 4
05820 5
05821 7
05822 10
05823 6
05824 3
05825 10
05826 9
05827 5
05828 7
05829 1
05830 9
05831 10
05832 9
05833 5
05834 8
05835 8
05836 4
05837 9
05838 2
05839 6
05840 2
05841 9
05842 2
05843 9
05844 5
05845 3
05846 10
05847 8
05848 7
05849 7
05850 5
05851 9
05852 2
05853 6
05854 9
05855 2
05856 1
05857 6
05858 9
05859 2
05860 7
05861 8
05862 3
05863 10
05864 4
05865 3
05866 2
05867 2
05868 2
05869 8
05870 1
05871 7
05872 10
05873 8
05874 1
05875 2
05876 6
05877 10
05878 6
05879 9
05880 4
05881 2
05882 4
05883 9
05884 2
05885 5
05886 8
05887 3
05888 6
05889 2
05890 1
05891 5
05892 5
05893 2
05894 8
05895 6
05896 8
05897 7
05898 10
05899 2
05900 1
05901 6
05902 6
05903 2
05904 5
05905 9
05906 7
05907 1
05908 3
05909 6
05910 3
05911 5
05912 3
05913 10
05914 7
05915 6
05916 8
05917 1
05918 9
05919 6
05920 5
05921 2
05922 7
05923 9
05924 8
05925 4
05926 3
05927 5
05928 3
05929 3
05930 6
05931 9
05932 9
05933 6
05934 9
05935 9
05936 4
05937 10
05938 7
05939 1
05940 5
05941 8
05942 4
05943 8
05944 9
05945 2
05946 7
05947 1
05948 2
05949 1
05950 2
05951 2
05952 3
05953 5
05954 9
05955 10
05956 3
05957 4
05958 8
05959 4
05960 7
05961 9
05962 5
05963 8
05964 8
05965 6
05966 4
05967 8
05968 4
05969 1
05970 6
05971 5
05972 9
05973 2
05974 1
05975 7
05976 2
05977 5
05978 4
05979 3
05980 6
05981 10
05982 4
05983 6
05984 4
05985 3
05986 1
05987 6
05988 1
05989 4
05990 3
05991 1
05992 5
05993 10
05994 9
05995 9
05996 10
05997 10
05998 6
05999 10
06000 10
06001 2
06002 5
06003 10
06004 4
06005 5
06006 1
06007 8
06008 2
06009 1
06010 8
06011 8
06012 5
06013 8
06014 1
06015 4
06016 1
06017 3
06018 10
06019 10
06020 10
06021 5
06022 7
06023 3
06024 5
06025 5
06026 9
06027 6
06028 8
06029 10
06030 8
06031 4
06032 10
06033 2
06034 3
06035 4
06036 9
06037 4
06038 9
06039 4
06040 7
06041 1
06042 7
06043 9
06044 6
06045 2
06046 7
06047 9
06048 4
06049 8
06050 9
06051 7
06052 10
06053 2
06054 8
06055 9
06056 2
06057 7
06058 8
06059 3
06060 10
06061 5
06062 6
06063 3
06064 5
06065 1
06066 7
06067 1
06068 5
06069 6
06070 6
06071 4
06072 3
06073 6
06074 9
06075 9
06076 8
06077 7
06078 5
06079 7
06080 4
06081 2
06082 8
06083 1
06084 7
06085 10
06086 5
06087 4
06088 8
06089 2
06090 6
06091 3
06092 10
06093 5
06094 10
06095 9
06096 2
06097 3
06098 6
06099 5
06100 5
06101 5
06102 5
06103 6
06104 8
06105 4
06106 7
06107 2
06108 8
06109 3
06110 4
06111 5
06112 4
06113 3
06114 7
06115 4
06116 8
06117 3
06118 2
06119 1
06120 6
06121 7
06122 1
06123 10
06124 1
06125 8
06126 6
06127 7
06128 1
06129 1
06130 7
06131 3
06132 4
06133 2
06134 6
06135 8
06136 5
06137 10
06138 7
06139 2
06140 7
06141 3
06142 5
06143 1
06144 10
06145 2
06146 6
06147 8
06148 6
06149 9
06150 6
06151 4
06152 2
06153 5
06154 8
06155 2
06156 10
06157 6
06158 2
06159 7
06160 1
06161 1
06162 2
06163 8
06164 1
06165 9
06166 2
06167 4
06168 5
06169 10
06170 5
06171 9
06172 9
06173 8
06174 3
06175 8
06176 10
06177 7
06178 5
06179 3
06180 2
06181 8
06182 1
06183 8
06184 5
06185 4
06186 10
06187 2
06188 5
06189 1
06190 4
06191 3
06192 4
06193 3
06194 1
06195 1
06196 10
06197 6
06198 3
06199 1
06200 4
06201 9
06202 5
06203 8
06204 7
06205 6
06206 4
06207 8
06208 7
06209 10
06210 8
06211 9
06212 2
06213 5
06214 9
06215 2
06216 8
06217 4
06218 9
06219 8
06220 5
06221 2
06222 3
06223 7
06224 5
06225 3
06226 10
06227 1
06228 6
06229 6
06230 10
06231 7
06232 8
06233 10
06234 4
06235 2
06236 8
06237 10
06238 4
06239 8
06240 8
06241 6
06242 10
06243 9
06244 8
06245 1
06246 2
06247 2
06248 5
06249 7
06250 7
06251 9
06252 4
06253 5
06254 8
06255 6
06256 2
06257 1
06258 8
06259 1
06260 1
06261 5
06262 6
06263 1
06264 4
06265 8
06266 4
06267 7
06268 1
06269 1
06270 2
06271 1
06272 1
06273 3
06274 7
06275 8
06276 6
06277 6
06278 6
06279 1
06280 9
06281 8
06282 3
06283 8
06284 6
06285 3
06286 10
06287 7
06288 8
06289 9
06290 4
06291 7
06292 1
06293 7
06294 4
06295 10
06296 3
06297 8
06298 5
06299 8
06300 3
06301 10
06302 7
06303 1
06304 3
06305 7
06306 3
06307 1
06308 6
06309 2
06310 5
06311 7
06312 1
06313 6
06314 7
06315 9
06316 8
06317 10
06318 7
06319 7
06320 10
06321 4
06322 4
06323 7
06324 10
06325 2
06326 9
06327 9
06328 8
06329 5
06330 6
06331 9
06332 9
06333 5
06334 5
06335 3
06336 2
06337 3
06338 7
06339 2
06340 7
06341 3
06342 8
06343 7
06344 5
06345 5
06346 10
06347 7
06348 9
06349 8
06350 8
06351 8
06352 10
06353 1
06354 1
06355 3
06356 3
06357 5
06358 4
06359 3
06360 2
06361 9
06362 9
06363 5
06364 8
06365 8
06366 2
06367 5
06368 10
06369 5
06370 6
06371 6
06372 7
06373 4
06374 2
06375 3
06376 5
06377 4
06378 4
06379 8
06380 3
06381 6
06382 2
06383 9
06384 10
06385 3
06386 10
06387 2
06388 8
06389 7
06390 6
06391 8
06392 7
06393 1
06394 9
06395 8
06396 3
06397 9
06398 6
06399 1
06400 3
06401 10
06402 7
06403 8
06404 1
06405 10
06406 10
06407 2
06408 7
06409 4
06410 4
06411 3
06412 5
06413 4
06414 1
06415 5
06416 1
06417 7
06418 5
06419 8
06420 1
06421 8
06422 5
06423 3
06424 8
06425 9
06426 8
06427 6
06428 9
06429 1
06430 5
06431 9
06432 1
06433 5
06434 5
06435 7
06436 1
06437 8
06438 4
06439 8
06440 6
06441 9
06442 10
06443 8
06444 1
06445 7
06446 9
06447 7
06448 1
06449 9
06450 7
06451 3
06452 10
06453 8
06454 9
06455 8
06456 8
06457 3
06458 4
06459 3
06460 4
06461 2
06462 6
06463 4
06464 9
06465 7
06466 6
06467 7
06468 9
06469 8
06470 2
06471 10
06472 6
06473 1
06474 3
06475 8
06476 6
06477 10
06478 2
06479 1
06480 8
06481 5
06482 8
06483 2
06484 7
06485 9
06486 4
06487 9
06488 1
06489 4
06490 7
06491 2
06492 4
06493 2
06494 2
06495 10
06496 10
06497 5
06498 7
06499 3
06500 1
06501 1
06502 4
06503 1
06504 9
06505 7
06506 6
06507 8
06508 9
06509 10
06510 10
06511 2
06512 6
06513 5
06514 6
06515 7
06516 10
06517 3
06518 4
06519 7
06520 6
06521 7
06522 4
06523 6
06524 1
06525 1
06526 9
06527 9
06528 3
06529 6
06530 9
06531 6
06532 6
06533 3
06534 1
06535 3
06536 2
06537 7
06538 6
06539 10
06540 3
06541 3
06542 2
06543 7
06544 1
06545 2
06546 6
06547 2
06548 7
06549 7
06550 4
06551 8
06552 1
06553 7
06554 7
06555 1
06556 10
06557 8
06558 3
06559 6
06560 1
06561 6
06562 8
06563 3
06564 7
06565 4
06566 7
06567 6
06568 9
06569 2
06570 4
06571 1
06572 6
06573 10
06574 3
06575 1
06576 5
06577 1
06578 8
06579 1
06580 10
06581 3
06582 10
06583 8
06584 4
06585 7
06586 5
06587 7
06588 7
06589 7
06590 6
06591 3
06592 5
06593 3
06594 7
06595 5
06596 6
06597 3
06598 5
06599 9
06600 3
06601 9
06602 8
06603 5
06604 2
06605 4
06606 9
06607 9
06608 9
06609 3
06610 9
06611 3
06612 9
06613 2
06614 2
06615 8
06616 3
06617 7
06618 5
06619 4
06620 9
06621 8
06622 4
06623 1
06624 2
06625 3
06626 7
06627 4
06628 2
06629 9
06630 8
06631 3
06632 7
06633 6
06634 4
06635 3
06636 6
06637 7
06638 10
06639 5
06640 4
06641 10
06642 5
06643 7
06644 7
06645 4
06646 7
06647 8
06648 10
06649 8
06650 10
06651 1
06652 10
06653 2
06654 6
06655 7
06656 2
06657 4
06658 8
06659 4
06660 7
06661 10
06662 2
06663 1
06664 6
06665 3
06666 1
06667 5
06668 2
06669 10
06670 7
06671 2
06672 9
06673 9
06674 2
06675 3
06676 9
06677 2
06678 10
06679 5
06680 9
06681 10
06682 7
06683 4
06684 9
06685 10
06686 7
06687 1
06688 6
06689 5
06690 5
06691 8
06692 4
06693 1
06694 2
06695 9
06696 9
06697 4
06698 3
06699 8
06700 3
06701 8
06702 1
06703 8
06704 5
06705 5
06706 9
06707 6
06708 9
06709 2
06710 2
06711 6
06712 5
06713 3
06714 10
06715 6
06716 1
06717 10
06718 4
06719 5
06720 10
06721 8
06722 8
06723 3
06724 4
06725 10
06726 2
06727 9
06728 5
06729 10
06730 5
06731 3
06732 10
06733 7
06734 6
06735 4
06736 7
06737 10
06738 7
06739 3
06740 9
06741 4
06742 4
06743 1
06744 5
06745 4
06746 5
06747 2
06748 5
06749 7
06750 4
06751 5
06752 2
06753 8
06754 7
06755 2
06756 2
06757 4
06758 6
06759 2
06760 8
06761 1
06762 4
06763 3
06764 9
06765 3
06766 8
06767 6
06768 3
06769 10
06770 10
06771 2
06772 10
06773 7
06774 6
06775 6
06776 2
06777 4
06778 5
06779 1
06780 7
06781 2
06782 2
06783 6
06784 9
06785 8
06786 2
06787 2
06788 8
06789 5
06790 3
06791 9
06792 10
06793 9
06794 1
06795 1
06796 3
06797 9
06798 9
06799 6
06800 3
06801 2
06802 5
06803 1
06804 6
06805 7
06806 7
06807 3
06808 3
06809 9
06810 9
06811 5
06812 3
06813 4
06814 10
06815 8
06816 4
06817 3
06818 3
06819 5
06820 10
06821 4
06822 10
06823 10
06824 7
06825 8
06826 9
06827 7
06828 6
06829 6
06830 5
06831 10
06832 5
06833 1
06834 6
06835 4
06836 7
06837 5
06838 10
06839 4
06840 3
06841 8
06842 3
06843 3
06844 8
06845 10
06846 8
06847 7
06848 3
06849 9
06850 6
06851 7
06852 6
06853 4
06854 3
06855 2
06856 1
06857 3
06858 6
06859 5
06860 3
06861 8
06862 10
06863 9
06864 8
06865 8
06866 10
06867 1
06868 10
06869 7
06870 5
06871 10
06872 8
06873 10
06874 9
06875 10
06876 7
06877 4
06878 5
06879 6
06880 2
06881 2
06882 7
06883 10
06884 3
06885 10
06886 10
06887 8
06888 10
06889 5
06890 9
06891 5
06892 1
06893 10
06894 7
06895 9
06896 6
06897 10
06898 2
06899 9
06900 1
06901 3
06902 1
06903 4
06904 4
06905 10
06906 3
06907 2
06908 2
06909 2
06910 3
06911 9
06912 9
06913 4
06914 3
06915 1
06916 8
06917 1
06918 6
06919 4
06920 6
06921 8
06922 5
06923 7
06924 1
06925 3
06926 3
06927 2
06928 7
06929 6
06930 9
06931 10
06932 2
06933 6
06934 9
06935 8
06936 4
06937 9
06938 4
06939 7
06940 6
06941 8
06942 3
06943 1
06944 1
06945 6
06946 2
06947 10
06948 2
06949 10
06950 4
06951 4
06952 10
06953 8
06954 5
06955 5
06956 3
06957 10
06958 2
06959 6
06960 5
06961 10
06962 7
06963 4
06964 5
06965 1
06966 9
06967 1
06968 5
06969 7
06970 10
06971 1
06972 3
06973 8
06974 1
06975 10
06976 10
06977 5
06978 10
06979 2
06980 5
06981 2
06982 8
06983 7
06984 9
06985 10
06986 9
06987 3
06988 8
06989 10
06990 7
06991 5
06992 6
06993 5
06994 7
06995 7
06996 1
06997 4
06998 7
06999 3
07000 1
07001 8
07002 7
07003 9
07004 3
07005 3
07006 2
07007 7
07008 6
07009 9
07010 6
07011 6
07012 5
07013 3
07014 5
07015 5
07016 4
07017 10
07018 7
07019 9
07020 5
07021 1
07022 9
07023 4
07024 4
07025 1
07026 5
07027 6
07028 4
07029 1
07030 4
07031 1
07032 5
07033 1
07034 2
07035 9
07036 5
07037 2
07038 2
07039 5
07040 7
07041 7
07042 10
07043 6
07044 10
07045 5
07046 7
07047 6
07048 10
07049 4
07050 4
07051 8
07052 9
07053 8
07054 8
07055 7
07056 1
07057 3
07058 10
07059 2
07060 8
07061 6
07062 5
07063 5
07064 4
07065 2
07066 8
07067 7
07068 7
07069 5
07070 5
07071 10
07072 1
07073 4
07074 3
07075 6
07076 6
07077 9
07078 8
07079 3
07080 10
07081 1
07082 5
07083 4
07084 6
07085 7
07086 10
07087 6
07088 9
07089 9
07090 8
07091 10
07092 8
07093 5
07094 1
07095 2
07096 8
07097 4
07098 4
07099 5
07100 2
07101 4
07102 7
07103 6
07104 7
07105 7
07106 5
07107 2
07108 9
07109 2
07110 4
07111 9
07112 8
07113 6
07114 1
07115 7
07116 2
07117 3
07118 2
07119 1
07120 3
07121 9
07122 6
07123 6
07124 1
07125 10
07126 4
07127 9
07128 8
07129 8
07130 1
07131 2
07132 5
07133 7
07134 7
07135 3
07136 3
07137 5
07138 4
07139 6
07140 7
07141 1
07142 10
07143 5
07144 3
07145 7
07146 10
07147 10
07148 8
07149 6
07150 6
07151 5
07152 9
07153 8
07154 5
07155 3
07156 1
07157 10
07158 1
07159 10
07160 3
07161 4
07162 5
07163 8
07164 2
07165 3
07166 6
07167 2
07168 8
07169 10
07170 4
07171 5
07172 5
07173 8
07174 5
07175 1
07176 6
07177 7
07178 8
07179 9
07180 1
07181 7
07182 9
07183 4
07184 6
07185 3
07186 9
07187 1
07188 7
07189 4
07190 9
07191 5
07192 9
07193 10
07194 10
07195 9
07196 10
07197 4
07198 3
07199 10
07200 2
07201 7
07202 1
07203 6
07204 9
07205 3
07206 2
07207 3
07208 10
07209 1
07210 9
07211 3
07212 7
07213 6
07214 3
07215 1
07216 10
07217 7
07218 9
07219 8
07220 1
07221 1
07222 3
07223 1
07224 10
07225 6
07226 5
07227 7
07228 3
07229 5
07230 5
07231 7
07232 2
07233 8
07234 1
07235 2
07236 7
07237 10
07238 3
07239 9
07240 1
07241 3
07242 3
07243 10
07244 9
07245 8
07246 7
07247 5
07248 10
07249 4
07250 6
07251 9
07252 4
07253 8
07254 9
07255 8
07256 4
07257 6
07258 3
07259 4
07260 3
07261 7
07262 6
07263 8
07264 5
07265 1
07266 8
07267 6
07268 2
07269 4
07270 2
07271 8
07272 5
07273 10
07274 6
07275 10
07276 10
07277 5
07278 10
07279 7
07280 3
07281 8
07282 5
07283 1
07284 4
07285 4
07286 7
07287 4
07288 8
07289 6
07290 1
07291 10
07292 6
07293 7
07294 1
07295 8
07296 3
07297 4
07298 6
07299 3
07300 10
07301 6
07302 6
07303 8
07304 3
07305 9
07306 5
07307 3
07308 5
07309 10
07310 1
07311 3
07312 6
07313 10
07314 7
07315 2
07316 4
07317 5
07318 6
07319 1
07320 9
07321 10
07322 10
07323 7
07324 9
07325 2
07326 5
07327 5
07328 1
07329 3
07330 5
07331 1
07332 6
07333 8
07334 10
07335 7
07336 1
07337 9
07338 3
07339 8
07340 7
07341 9
07342 4
07343 4
07344 2
07345 3
07346 10
07347 7
07348 4
07349 6
07350 5
07351 5
07352 9
07353 7
07354 3
07355 5
07356 4
07357 10
07358 5
07359 3
07360 7
07361 9
07362 2
07363 2
07364 8
07365 7
07366 2
07367 9
07368 4
07369 4
07370 7
07371 2
07372 3
07373 9
07374 6
07375 2
07376 10
07377 4
07378 7
07379 8
07380 10
07381 2
07382 5
07383 6
07384 8
07385 10
07386 7
07387 4
07388 1
07389 1
07390 3
07391 5
07392 1
07393 4
07394 8
07395 8
07396 7
07397 9
07398 6
07399 10
07400 8
07401 6
07402 4
07403 3
07404 3
07405 7
07406 6
07407 3
07408 8
07409 3
07410 10
07411 9
07412 9
07413 4
07414 1
07415 1
07416 7
07417 1
07418 3
07419 10
07420 6
07421 2
07422 4
07423 5
07424 6
07425 3
07426 4
07427 6
07428 8
07429 5
07430 1
07431 1
07432 10
07433 6
07434 8
07435 8
07436 5
07437 3
07438 7
07439 7
07440 10
07441 3
07442 1
07443 8
07444 2
07445 2
07446 6
07447 9
07448 2
07449 4
07450 6
07451 2
07452 5
07453 1
07454 8
07455 3
07456 2
07457 3
07458 2
07459 3
07460 7
07461 7
07462 7
07463 2
07464 9
07465 2
07466 2
07467 7
07468 1
07469 10
07470 5
07471 5
07472 10
07473 9
07474 1
07475 4
07476 3
07477 8
07478 4
07479 9
07480 1
07481 4
07482 10
07483 5
07484 3
07485 4
07486 6
07487 6
07488 10
07489 7
07490 2
07491 1
07492 9
07493 1
07494 7
07495 1
07496 6
07497 9
07498 5
07499 4
07500 9
07501 8
07502 7
07503 1
07504 6
07505 6
07506 1
07507 3
07508 9
07509 4
07510 2
07511 4
07512 8
07513 8
07514 9
07515 3
07516 1
07517 9
07518 5
07519 3
07520 4
07521 5
07522 2
07523 5
07524 8
07525 4
07526 4
07527 10
07528 4
07529 7
07530 7
07531 3
07532 7
07533 8
07534 10
07535 7
07536 5
07537 1
07538 7
07539 4
07540 5
07541 3
07542 2
07543 2
07544 3
07545 7
07546 3
07547 10
07548 9
07549 3
07550 8
07551 6
07552 3
07553 4
07554 1
07555 10
07556 9
07557 5
07558 8
07559 6
07560 8
07561 1
07562 7
07563 4
07564 2
07565 6
07566 6
07567 1
07568 4
07569 2
07570 2
07571 8
07572 9
07573 1
07574 6
07575 3
07576 3
07577 7
07578 2
07579 3
07580 2
07581 9
07582 6
07583 8
07584 5
07585 4
07586 9
07587 3
07588 7
07589 10
07590 1
07591 5
07592 5
07593 10
07594 10
07595 9
07596 7
07597 8
07598 2
07599 4
07600 3
07601 3
07602 6
07603 7
07604 8
07605 4
07606 9
07607 10
07608 6
07609 3
07610 2
07611 5
07612 1
07613 3
07614 1
07615 2
07616 2
07617 2
07618 9
07619 8
07620 2
07621 10
07622 5
07623 7
07624 10
07625 6
07626 4
07627 4
07628 6
07629 8
07630 3
07631 3
07632 2
07633 10
07634 2
07635 3
07636 6
07637 10
07638 10
07639 7
07640 5
07641 10
07642 9
07643 5
07644 5
07645 10
07646 2
07647 1
07648 4
07649 5
07650 6
07651 4
07652 4
07653 10
07654 9
07655 9
07656 6
07657 9
07658 6
07659 3
07660 4
07661 2
07662 1
07663 10
07664 3
07665 8
07666 2
07667 7
07668 5
07669 7
07670 3
07671 6
07672 7
07673 10
07674 10
07675 8
07676 7
07677 5
07678 3
07679 4
07680 7
07681 3
07682 6
07683 2
07684 9
07685 7
07686 6
07687 1
07688 10
07689 8
07690 2
07691 1
07692 9
07693 3
07694 10
07695 9
07696 1
07697 8
07698 8
07699 2
07700 7
07701 8
07702 8
07703 4
07704 9
07705 4
07706 6
07707 8
07708 3
07709 8
07710 9
07711 9
07712 5
07713 4
07714 3
07715 5
07716 10
07717 1
07718 7
07719 5
07720 4
07721 6
07722 4
07723 4
07724 1
07725 7
07726 10
07727 4
07728 5
07729 10
07730 6
07731 6
07732 8
07733 1
07734 6
07735 5
07736 4
07737 2
07738 3
07739 6
07740 3
07741 8
07742 3
07743 1
07744 2
07745 2
07746 8
07747 8
07748 9
07749 2
07750 3
07751 5
07752 7
07753 4
07754 4
07755 3
07756 9
07757 9
07758 3
07759 1
07760 4
07761 9
07762 10
07763 2
07764 2
07765 1
07766 8
07767 10
07768 5
07769 2
07770 9
07771 4
07772 10
07773 2
07774 2
07775 1
07776 8
07777 10
07778 1
07779 2
07780 10
07781 6
07782 9
07783 7
07784 8
07785 10
07786 7
07787 8
07788 2
07789 3
07790 7
07791 6
07792 7
07793 9
07794 7
07795 6
07796 3
07797 4
07798 3
07799 9
07800 2
07801 1
07802 2
07803 2
07804 10
07805 5
07806 3
07807 2
07808 6
07809 7
07810 7
07811 2
07812 6
07813 6
07814 5
07815 10
07816 5
07817 10
07818 2
07819 9
07820 3
07821 6
07822 9
07823 1
07824 1
07825 4
07826 4
07827 2
07828 6
07829 7
07830 8
07831 10
07832 9
07833 1
07834 2
07835 1
07836 6
07837 1
07838 1
07839 3
07840 9
07841 8
07842 2
07843 3
07844 5
07845 10
07846 9
07847 9
07848 1
07849 10
07850 8
07851 2
07852 6
07853 5
07854 8
07855 3
07856 4
07857 8
07858 1
07859 9
07860 2
07861 7
07862 9
07863 7
07864 5
07865 10
07866 4
07867 2
07868 1
07869 7
07870 6
07871 9
07872 5
07873 7
07874 2
07875 10
07876 2
07877 3
07878 8
07879 7
07880 2
07881 2
07882 5
07883 8
07884 6
07885 10
07886 6
07887 1
07888 1
07889 9
07890 7
07891 4
07892 3
07893 2
07894 1
07895 9
07896 9
07897 7
07898 4
07899 10
07900 3
07901 8
07902 5
07903 5
07904 8
07905 7
07906 2
07907 7
07908 10
07909 9
07910 10
07911 3
07912 3
07913 1
07914 9
07915 8
07916 4
07917 2
07918 8
07919 5
07920 9
07921 5
07922 2
07923 1
07924 1
07925 7
07926 2
07927 5
07928 5
07929 2
07930 7
07931 3
07932 6
07933 3
07934 9
07935 5
07936 6
07937 3
07938 4
07939 8
07940 8
07941 9
07942 10
07943 10
07944 5
07945 1
07946 8
07947 2
07948 10
07949 7
07950 1
07951 6
07952 7
07953 6
07954 6
07955 7
07956 1
07957 3
07958 7
07959 7
07960 2
07961 1
07962 2
07963 7
07964 6
07965 6
07966 7
07967 5
07968 5
07969 8
07970 7
07971 6
07972 7
07973 8
07974 6
07975 4
07976 2
07977 9
07978 1
07979 1
07980 8
07981 7
07982 3
07983 10
07984 5
07985 2
07986 5
07987 6
07988 2
07989 3
07990 10
07991 8
07992 6
07993 10
07994 4
07995 7
07996 4
07997 2
07998 10
07999 10
08000 7
08001 6
08002 5
08003 7
08004 2
08005 10
08006 10
08007 4
08008 8
08009 2
08010 2
08011 7
08012 7
08013 5
08014 5
08015 8
08016 6
08017 6
08018 10
08019 3
08020 7
08021 3
08022 10
08023 5
08024 2
08025 5
08026 8
08027 3
08028 8
08029 8
08030 9
08031 1
08032 3
08033 5
08034 1
08035 7
08036 10
08037 5
08038 4
08039 4
08040 2
08041 9
08042 3
08043 4
08044 8
08045 2
08046 5
08047 9
08048 8
08049 3
08050 3
08051 10
08052 2
08053 2
08054 2
08055 7
08056 9
08057 8
08058 9
08059 6
08060 10
08061 2
08062 4
08063 7
08064 3
08065 8
08066 3
08067 7
08068 7
08069 7
08070 7
08071 7
08072 9
08073 6
08074 4
08075 9
08076 8
08077 1
08078 10
08079 8
08080 8
08081 1
08082 10
08083 4
08084 9
08085 9
08086 1
08087 7
08088 8
08089 10
08090 8
08091 4
08092 3
08093 7
08094 2
08095 8
08096 6
08097 1
08098 1
08099 5
08100 7
08101 6
08102 5
08103 6
08104 5
08105 7
08106 9
08107 7
08108 9
08109 1
08110 10
08111 4
08112 1
08113 3
08114 1
08115 2
08116 2
08117 2
08118 3
08119 9
08120 1
08121 9
08122 3
08123 7
08124 10
08125 6
08126 2
08127 9
08128 8
08129 4
08130 8
08131 7
08132 5
08133 4
08134 4
08135 1
08136 6
08137 9
08138 9
08139 6
08140 1
08141 6
08142 3
08143 4
08144 5
08145 2
08146 3
08147 1
08148 8
08149 4
08150 8
08151 1
08152 8
08153 5
08154 2
08155 9
08156 7
08157 3
08158 1
08159 3
08160 5
08161 7
08162 4
08163 10
08164 10
08165 3
08166 10
08167 1
08168 1
08169 6
08170 5
08171 7
08172 2
08173 5
08174 4
08175 6
08176 3
08177 1
08178 8
08179 4
08180 8
08181 2
08182 3
08183 6
08184 7
08185 7
08186 9
08187 10
08188 10
08189 1
08190 5
08191 6
08192 6
08193 10
08194 1
08195 10
08196 4
08197 5
08198 5
08199 10
08200 7
08201 8
08202 3
08203 10
08204 1
08205 9
08206 8
08207 6
08208 9
08209 5
08210 4
08211 4
08212 2
08213 8
08214 6
08215 7
08216 3
08217 10
08218 9
08219 5
08220 7
08221 9
08222 5
08223 4
08224 8
08225 2
08226 10
08227 10
08228 4
08229 5
08230 7
08231 6
08232 4
08233 8
08234 10
08235 5
08236 5
08237 7
08238 5
08239 5
08240 3
08241 8
08242 7
08243 10
08244 10
08245 2
08246 6
08247 8
08248 8
08249 10
08250 9
08251 1
08252 4
08253 2
08254 6
08255 7
08256 2
08257 5
08258 2
08259 5
08260 3
08261 9
08262 2
08263 9
08264 5
08265 4
08266 2
08267 1
08268 5
08269 10
08270 1
08271 4
08272 4
08273 5
08274 2
08275 3
08276 1
08277 2
08278 6
08279 10
08280 5
08281 8
08282 9
08283 5
08284 8
08285 3
08286 1
08287 8
08288 7
08289 9
08290 1
08291 6
08292 3
08293 5
08294 5
08295 7
08296 8
08297 9
08298 5
08299 7
08300 3
08301 9
08302 6
08303 8
08304 2
08305 7
08306 7
08307 9
08308 8
08309 2
08310 3
08311 5
08312 2
08313 8
08314 6
08315 8
08316 7
08317 5
08318 9
08319 7
08320 6
08321 5
08322 5
08323 8
08324 7
08325 9
08326 7
08327 6
08328 2
08329 2
08330 3
08331 10
08332 7
08333 4
08334 1
08335 9
08336 1
08337 4
08338 3
08339 7
08340 10
08341 7
08342 9
08343 3
08344 10
08345 3
08346 8
08347 3
08348 9
08349 8
08350 2
08351 4
08352 1
08353 5
08354 8
08355 6
08356 4
08357 1
08358 9
08359 6
08360 2
08361 9
08362 4
08363 4
08364 5
08365 1
08366 7
08367 3
08368 4
08369 7
08370 7
08371 7
08372 4
08373 6
08374 9
08375 7
08376 1
08377 5
08378 6
08379 8
08380 6
08381 4
08382 2
08383 5
08384 4
08385 2
08386 8
08387 4
08388 10
08389 3
08390 9
08391 2
08392 10
08393 2
08394 2
08395 6
08396 9
08397 6
08398 8
08399 6
08400 6
08401 9
08402 5
08403 5
08404 7
08405 4
08406 4
08407 1
08408 5
08409 10
08410 3
08411 7
08412 5
08413 5
08414 1
08415 5
08416 5
08417 6
08418 8
08419 8
08420 10
08421 1
08422 6
08423 4
08424 7
08425 8
08426 1
08427 7
08428 7
08429 10
08430 2
08431 7
08432 7
08433 3
08434 6
08435 9
08436 3
08437 9
08438 7
08439 5
08440 10
08441 3
08442 7
08443 3
08444 9
08445 3
08446 1
08447 9
08448 9
08449 10
08450 3
08451 4
08452 10
08453 8
08454 9
08455 1
08456 9
08457 1
08458 10
08459 1
08460 1
08461 1
08462 10
08463 2
08464 10
08465 3
08466 10
08467 7
08468 4
08469 6
08470 4
08471 1
08472 9
08473 3
08474 9
08475 7
08476 4
08477 9
08478 5
08479 1
08480 7
08481 8
08482 7
08483 9
08484 6
08485 7
08486 7
08487 1
08488 5
08489 4
08490 7
08491 1
08492 4
08493 8
08494 5
08495 3
08496 8
08497 1
08498 8
08499 4
08500 10
08501 3
08502 4
08503 6
08504 10
08505 2
08506 9
08507 3
08508 3
08509 9
08510 10
08511 3
08512 10
08513 8
08514 5
08515 8
08516 9
08517 2
08518 8
08519 2
08520 2
08521 4
08522 8
08523 5
08524 8
08525 1
08526 9
08527 10
08528 3
08529 8
08530 2
08531 4
08532 5
08533 7
08534 7
08535 6
08536 8
08537 7
08538 2
08539 10
08540 5
08541 5
08542 1
08543 6
08544 8
08545 9
08546 4
08547 4
08548 1
08549 4
08550 2
08551 9
08552 2
08553 1
08554 1
08555 9
08556 7
08557 1
08558 2
08559 1
08560 10
08561 5
08562 2
08563 3
08564 7
08565 1
08566 6
08567 10
08568 9
08569 5
08570 4
08571 3
08572 8
08573 7
08574 1
08575 9
08576 9
08577 5
08578 6
08579 10
08580 6
08581 10
08582 4
08583 4
08584 4
08585 2
08586 1
08587 10
08588 7
08589 3
08590 3
08591 5
08592 10
08593 9
08594 7
08595 7
08596 5
08597 2
08598 2
08599 6
08600 4
08601 6
08602 10
08603 1
08604 6
08605 2
08606 8
08607 4
08608 2
08609 4
08610 5
08611 1
08612 7
08613 5
08614 3
08615 2
08616 2
08617 9
08618 8
08619 7
08620 9
08621 4
08622 3
08623 5
08624 5
08625 10
08626 5
08627 4
08628 5
08629 7
08630 10
08631 10
08632 4
08633 8
08634 6
08635 8
08636 2
08637 7
08638 7
08639 7
08640 9
08641 10
08642 6
08643 7
08644 1
08645 3
08646 9
08647 3
08648 6
08649 1
08650 9
08651 6
08652 5
08653 9
08654 10
08655 9
08656 1
08657 1
08658 7
08659 1
08660 8
08661 7
08662 4
08663 5
08664 5
08665 5
08666 4
08667 3
08668 4
08669 4
08670 3
08671 8
08672 4
08673 8
08674 3
08675 5
08676 2
08677 7
08678 8
08679 10
08680 7
08681 8
08682 10
08683 9
08684 2
08685 3
08686 3
08687 9
08688 2
08689 9
08690 7
08691 2
08692 8
08693 7
08694 9
08695 4
08696 1
08697 7
08698 9
08699 2
08700 2
08701 4
08702 10
08703 9
08704 9
08705 2
08706 5
08707 4
08708 8
08709 3
08710 5
08711 5
08712 5
08713 10
08714 4
08715 10
08716 4
08717 8
08718 1
08719 3
08720 9
08721 1
08722 3
08723 5
08724 1
08725 3
08726 1
08727 5
08728 8
08729 2
08730 6
08731 6
08732 4
08733 10
08734 8
08735 9
08736 9
08737 5
08738 3
08739 6
08740 4
08741 9
08742 10
08743 3
08744 2
08745 3
08746 1
08747 9
08748 8
08749 3
08750 8
08751 1
08752 4
08753 10
08754 3
08755 5
08756 9
08757 10
08758 10
08759 8
08760 10
08761 8
08762 3
08763 6
08764 6
08765 9
08766 1
08767 1
08768 1
08769 1
08770 8
08771 10
08772 5
08773 1
08774 1
08775 10
08776 6
08777 5
08778 8
08779 6
08780 4
08781 4
08782 6
08783 2
08784 6
08785 9
08786 10
08787 4
08788 7
08789 10
08790 1
08791 2
08792 4
08793 7
08794 4
08795 1
08796 2
08797 7
08798 4
08799 5
08800 5
08801 3
08802 10
08803 6
08804 4
08805 10
08806 3
08807 5
08808 9
08809 9
08810 3
08811 9
08812 3
08813 4
08814 9
08815 9
08816 2
08817 5
08818 9
08819 1
08820 1
08821 10
08822 1
08823 2
08824 6
08825 2
08826 2
08827 7
08828 5
08829 10
08830 5
08831 8
08832 4
08833 6
08834 3
08835 2
08836 3
08837 2
08838 1
08839 9
08840 4
08841 5
08842 6
08843 4
08844 10
08845 7
08846 4
08847 7
08848 10
08849 4
08850 4
08851 2
08852 3
08853 1
08854 4
08855 6
08856 5
08857 5
08858 2
08859 6
08860 3
08861 9
08862 2
08863 7
08864 7
08865 6
08866 3
08867 5
08868 10
08869 1
08870 7
08871 7
08872 10
08873 10
08874 9
08875 5
08876 1
08877 5
08878 9
08879 4
08880 6
08881 2
08882 1
08883 4
08884 7
08885 10
08886 8
08887 5
08888 3
08889 10
08890 7
08891 8
08892 2
08893 7
08894 6
08895 10
08896 2
08897 9
08898 7
08899 7
08900 7
08901 9
08902 4
08903 4
08904 2
08905 2
08906 5
08907 10
08908 1
08909 2
08910 10
08911 5
08912 10
08913 9
08914 9
08915 1
08916 5
08917 8
08918 7
08919 5
08920 3
08921 10
08922 8
08923 7
08924 8
08925 6
08926 5
08927 10
08928 3
08929 2
08930 8
08931 1
08932 6
08933 9
08934 4
08935 2
08936 3
08937 8
08938 6
08939 4
08940 4
08941 7
08942 5
08943 10
08944 9
08945 10
08946 2
08947 8
08948 9
08949 4
08950 10
08951 4
08952 7
08953 4
08954 9
08955 10
08956 9
08957 6
08958 5
08959 5
08960 10
08961 6
08962 4
08963 8
08964 9
08965 10
08966 10
08967 8
08968 5
08969 3
08970 6
08971 10
08972 9
08973 4
08974 8
08975 6
08976 9
08977 2
08978 8
08979 4
08980 6
08981 6
08982 10
08983 6
08984 7
08985 5
08986 10
08987 6
08988 8
08989 6
08990 7
08991 6
08992 8
08993 3
08994 1
08995 9
08996 1
08997 2
08998 9
08999 4
09000 6
09001 10
09002 3
09003 8
09004 4
09005 3
09006 4
09007 4
09008 7
09009 7
09010 5
09011 9
09012 1
09013 1
09014 5
09015 10
09016 6
09017 2
09018 9
09019 2
09020 3
09021 7
09022 9
09023 1
09024 4
09025 10
09026 5
09027 6
09028 9
09029 1
09030 8
09031 4
09032 10
09033 6
09034 1
09035 5
09036 2
09037 9
09038 5
09039 4
09040 9
09041 2
09042 5
09043 9
09044 3
09045 9
09046 8
09047 1
09048 7
09049 4
09050 1
09051 5
09052 9
09053 6
09054 8
09055 2
09056 7
09057 9
09058 6
09059 7
09060 9
09061 10
09062 9
09063 5
09064 7
09065 4
09066 9
09067 8
09068 3
09069 7
09070 4
09071 7
09072 7
09073 5
09074 5
09075 8
09076 2
09077 3
09078 2
09079 10
09080 10
09081 3
09082 7
09083 2
09084 8
09085 5
09086 10
09087 1
09088 8
09089 1
09090 3
09091 9
09092 9
09093 3
09094 3
09095 8
09096 1
09097 3
09098 5
09099 1
09100 6
09101 4
09102 4
09103 8
09104 2
09105 3
09106 2
09107 9
09108 6
09109 8
09110 2
09111 5
09112 9
09113 5
09114 4
09115 9
09116 1
09117 1
09118 3
09119 7
09120 8
09121 2
09122 5
09123 2
09124 3
09125 9
09126 5
09127 9
09128 9
09129 10
09130 2
09131 1
09132 9
09133 3
09134 6
09135 1
09136 10
09137 10
09138 7
09139 8
09140 5
09141 7
09142 1
09143 10
09144 2
09145 5
09146 6
09147 4
09148 8
09149 9
09150 10
09151 3
09152 7
09153 6
09154 3
09155 4
09156 5
09157 4
09158 8
09159 6
09160 6
09161 9
09162 1
09163 4
09164 4
09165 6
09166 1
09167 3
09168 9
09169 6
09170 8
09171 5
09172 4
09173 8
09174 7
09175 3
09176 6
09177 3
09178 1
09179 5
09180 5
09181 9
09182 6
09183 8
09184 4
09185 2
09186 10
09187 5
09188 9
09189 2
09190 9
09191 4
09192 2
09193 10
09194 7
09195 3
09196 10
09197 2
09198 8
09199 9
09200 10
09201 4
09202 2
09203 8
09204 3
09205 1
09206 5
09207 2
09208 9
09209 1
09210 10
09211 8
09212 1
09213 7
09214 7
09215 8
09216 6
09217 4
09218 6
09219 5
09220 3
09221 10
09222 10
09223 4
09224 9
09225 1
09226 5
09227 4
09228 9
09229 8
09230 3
09231 3
09232 5
09233 6
09234 2
09235 10
09236 7
09237 3
09238 6
09239 1
09240 2
09241 8
09242 4
09243 10
09244 10
09245 7
09246 3
09247 3
09248 1
09249 2
09250 7
09251 10
09252 4
09253 6
09254 4
09255 3
09256 8
09257 10
09258 8
09259 6
09260 3
09261 8
09262 3
09263 4
09264 4
09265 5
09266 9
09267 1
09268 2
09269 10
09270 1
09271 2
09272 3
09273 8
09274 2
09275 5
09276 2
09277 6
09278 6
09279 8
09280 3
09281 3
09282 9
09283 9
09284 5
09285 5
09286 6
09287 6
09288 6
09289 8
09290 9
09291 2
09292 6
09293 5
09294 9
09295 6
09296 10
09297 10
09298 6
09299 9
09300 5
09301 4
09302 10
09303 9
09304 6
09305 5
09306 9
09307 2
09308 4
09309 5
09310 7
09311 4
09312 2
09313 8
09314 10
09315 10
09316 5
09317 6
09318 3
09319 2
09320 2
09321 5
09322 1
09323 1
09324 1
09325 4
09326 2
09327 4
09328 9
09329 7
09330 10
09331 1
09332 2
09333 1
09334 7
09335 7
09336 5
09337 4
09338 7
09339 4
09340 3
09341 10
09342 8
09343 1
09344 1
09345 10
09346 7
09347 10
09348 1
09349 8
09350 4
09351 10
09352 2
09353 7
09354 3
09355 4
09356 1
09357 9
09358 10
09359 1
09360 4
09361 7
09362 10
09363 1
09364 6
09365 7
09366 6
09367 9
09368 1
09369 1
09370 6
09371 8
09372 2
09373 8
09374 3
09375 4
09376 8
09377 8
09378 2
09379 3
09380 1
09381 6
09382 7
09383 9
09384 4
09385 8
09386 2
09387 8
09388 10
09389 4
09390 2
09391 9
09392 8
09393 7
09394 8
09395 6
09396 4
09397 4
09398 4
09399 4
09400 7
09401 10
09402 5
09403 10
09404 1
09405 8
09406 10
09407 5
09408 8
09409 10
09410 7
09411 6
09412 9
09413 5
09414 3
09415 8
09416 1
09417 9
09418 7
09419 2
09420 10
09421 2
09422 8
09423 10
09424 7
09425 10
09426 9
09427 9
09428 10
09429 5
09430 1
09431 3
09432 10
09433 4
09434 9
09435 10
09436 4
09437 9
09438 5
09439 5
09440 5
09441 10
09442 10
09443 3
09444 1
09445 4
09446 5
09447 1
09448 9
09449 10
09450 4
09451 5
09452 7
09453 3
09454 4
09455 8
09456 1
09457 3
09458 10
09459 3
09460 5
09461 10
09462 10
09463 10
09464 9
09465 4
09466 4
09467 10
09468 8
09469 1
09470 4
09471 10
09472 6
09473 7
09474 1
09475 6
09476 1
09477 8
09478 8
09479 5
09480 7
09481 7
09482 4
09483 3
09484 6
09485 10
09486 5
09487 1
09488 9
09489 10
09490 5
09491 5
09492 4
09493 5
09494 4
09495 6
09496 6
09497 5
09498 10
09499 9
09500 6
09501 2
09502 3
09503 10
09504 3
09505 6
09506 6
09507 9
09508 4
09509 5
09510 10
09511 9
09512 1
09513 8
09514 5
09515 6
09516 5
09517 1
09518 8
09519 1
09520 5
09521 9
09522 9
09523 9
09524 2
09525 1
09526 2
09527 6
09528 2
09529 8
09530 2
09531 8
09532 9
09533 3
09534 9
09535 2
09536 3
09537 5
09538 9
09539 5
09540 1
09541 7
09542 8
09543 3
09544 5
09545 5
09546 8
09547 1
09548 1
09549 2
09550 9
09551 6
09552 5
09553 8
09554 3
09555 7
09556 9
09557 1
09558 6
09559 8
09560 2
09561 8
09562 7
09563 9
09564 3
09565 2
09566 3
09567 9
09568 3
09569 6
09570 10
09571 1
09572 10
09573 1
09574 9
09575 8
09576 5
09577 5
09578 4
09579 9
09580 7
09581 4
09582 7
09583 10
09584 10
09585 6
09586 6
09587 6
09588 9
09589 9
09590 4
09591 7
09592 2
09593 10
09594 2
09595 4
09596 5
09597 9
09598 9
09599 5
09600 8
09601 1
09602 9
09603 7
09604 8
09605 4
09606 3
09607 9
09608 2
09609 4
09610 4
09611 3
09612 10
09613 8
09614 6
09615 6
09616 6
09617 6
09618 5
09619 10
09620 10
09621 1
09622 3
09623 8
09624 10
09625 2
09626 2
09627 4
09628 6
09629 9
09630 1
09631 3
09632 1
09633 10
09634 3
09635 8
09636 5
09637 9
09638 6
09639 3
09640 6
09641 10
09642 10
09643 8
09644 1
09645 10
09646 4
09647 7
09648 2
09649 6
09650 2
09651 1
09652 6
09653 4
09654 6
09655 3
09656 7
09657 10
09658 5
09659 1
09660 6
09661 3
09662 7
09663 10
09664 7
09665 2
09666 10
09667 8
09668 7
09669 5
09670 10
09671 8
09672 7
09673 8
09674 5
09675 7
09676 9
09677 10
09678 10
09679 6
09680 6
09681 2
09682 7
09683 6
09684 2
09685 8
09686 10
09687 4
09688 9
09689 7
09690 6
09691 8
09692 10
09693 7
09694 10
09695 4
09696 3
09697 10
09698 9
09699 5
09700 6
09701 7
09702 1
09703 8
09704 10
09705 9
09706 9
09707 5
09708 10
09709 7
09710 1
09711 10
09712 2
09713 1
09714 3
09715 5
09716 3
09717 4
09718 10
09719 5
09720 9
09721 9
09722 9
09723 5
09724 5
09725 2
09726 2
09727 5
09728 8
09729 1
09730 9
09731 4
09732 5
09733 2
09734 1
09735 8
09736 7
09737 9
09738 10
09739 10
09740 8
09741 1
09742 5
09743 2
09744 5
09745 10
09746 2
09747 7
09748 9
09749 8
09750 3
09751 2
09752 3
09753 2
09754 10
09755 5
09756 2
09757 8
09758 7
09759 1
09760 7
09761 1
09762 4
09763 9
09764 6
09765 2
09766 3
09767 4
09768 9
09769 5
09770 2
09771 9
09772 8
09773 9
09774 10
09775 1
09776 1
09777 8
09778 9
09779 10
09780 1
09781 5
09782 2
09783 7
09784 6
09785 1
09786 6
09787 3
09788 2
09789 3
09790 2
09791 9
09792 3
09793 4
09794 9
09795 7
09796 4
09797 7
09798 1
09799 9
09800 2
09801 3
09802 6
09803 7
09804 9
09805 5
09806 8
09807 5
09808 6
09809 7
09810 8
09811 2
09812 1
09813 3
09814 3
09815 10
09816 2
09817 1
09818 6
09819 6
09820 6
09821 2
09822 10
09823 4
09824 4
09825 6
09826 1
09827 5
09828 3
09829 10
09830 2
09831 1
09832 10
09833 6
09834 10
09835 3
09836 6
09837 5
09838 2
09839 2
09840 7
09841 9
09842 2
09843 6
09844 2
09845 6
09846 3
09847 4
09848 2
09849 5
09850 3
09851 10
09852 2
09853 10
09854 9
09855 5
09856 6
09857 9
09858 10
09859 3
09860 9
09861 9
09862 10
09863 5
09864 10
09865 5
09866 6
09867 2
09868 5
09869 3
09870 5
09871 8
09872 1
09873 3
09874 2
09875 2
09876 8
09877 8
09878 2
09879 9
09880 5
09881 1
09882 8
09883 7
09884 6
09885 7
09886 10
09887 4
09888 3
09889 10
09890 1
09891 6
09892 8
09893 4
09894 9
09895 8
09896 3
09897 2
09898 10
09899 3
09900 7
09901 1
09902 4
09903 1
09904 8
09905 6
09906 6
09907 2
09908 2
09909 1
09910 3
09911 6
09912 4
09913 7
09914 6
09915 2
09916 5
09917 6
09918 10
09919 4
09920 10
09921 6
09922 8
09923 10
09924 5
09925 2
09926 10
09927 9
09928 3
09929 3
09930 3
09931 5
09932 9
09933 1
09934 7
09935 10
09936 7
09937 3
09938 6
09939 4
09940 9
09941 1
09942 6
09943 5
09944 4
09945 6
09946 2
09947 1
09948 3
09949 10
09950 7
09951 4
09952 4
09953 4
09954 7
09955 2
09956 10
09957 8
09958 3
09959 8
09960 7
09961 2
09962 4
09963 4
09964 1
09965 10
09966 5
09967 7
09968 1
09969 9
09970 9
09971 9
09972 3
09973 9
09974 4
09975 9
09976 10
09977 5
09978 9
09979 9
09980 5
09981 7
09982 1
09983 10
09984 6
09985 6
09986 1
09987 2
09988 8
09989 2
09990 7
09991 5
09992 5
09993 4
09994 2
09995 9
09996 9
09997 6
09998 3
09999 2
10000 2
